0.056166 28
0.001967 135
0.000077 8
0.000131 122
1.389181 1
0.140505 1
0.147496 1
0.126272 1
0.185303 1
0.172437 2
0.000008 9
0.000118 36
0.011678 800
0.000379 28
0.003998 143
0.000060 122
3.558338 1
0.073756 1
0.246083 1
0.135865 1
0.116335 1
0.059254 1
0.389443 1
0.455472 1
0.573162 1
0.120245 1
0.368537 47
0.002027 18
1.129184 1
0.194100 2
0.000421 10
0.000301 28
0.002189 60
0.000204 75
0.001293 130
1.639960 1
0.061973 1
0.191764 1
0.135380 1
0.122142 1
0.119808 1
0.366307 1
0.223918 1
0.181931 3
0.330490 11
0.000038 36
0.002339 15
1.532176 1
0.221508 2
0.000406 15
0.000358 28
0.002269 265
1.133423 1
0.073429 1
0.209776 1
0.087869 1
0.143373 1
0.113726 1
0.264055 1
0.368250 4
0.402996 11
0.001373 36
0.007639 19
0.005691 13
0.000126 2
0.001713 28
0.003474 110
0.000083 25
0.000215 8
0.002031 122
1.262252 11
0.437199 1
0.195267 1
0.173090 1
0.185294 1
0.344494 5
0.174017 5
0.231893 11
0.000038 36
0.015317 12
0.006899 13
0.000879 28
0.004009 265
1.712873 1
0.107948 1
0.408352 1
0.109181 1
0.130181 1
0.063895 1
0.294694 1
0.818335 1
0.104971 4
0.370508 11
0.000048 36
0.001781 10
3.778113 1
0.277545 1
0.234050 1
0.127369 1
0.166877 1
0.350261 1
0.523881 1
0.465473 1
0.098319 1
0.224160 1
0.689529 2
0.003301 13
0.000269 15
0.000011 2
0.000126 28
0.001095 265
2.540131 1
0.083529 1
0.217592 1
0.122824 1
0.135442 1
0.115625 1
0.302763 1
0.307177 4
0.318511 11
0.000602 36
0.004830 28
0.002404 60
0.000189 50
0.000069 25
0.000176 8
0.000040 122
2.650129 1
0.115461 1
0.304600 1
0.117396 1
0.218790 1
0.177502 11
0.000539 36
0.007406 8
0.000269 796
0.001108 28
0.001652 60
0.000296 50
0.000014 25
0.000226 130
4.035079 1
0.068394 1
0.273140 1
0.108952 1
0.158952 1
0.371749 4
0.117990 1
0.117916 1
1.600444 1
0.327708 1
0.334139 1
0.140200 1
0.669132 11
0.000258 36
0.005707 2
0.000433 28
0.002249 110
0.000066 25
0.000515 8
0.000071 122
12.280087 1
0.012200 1
0.194330 1
0.092544 1
0.154367 1
0.103885 1
0.855676 1
0.315272 1
0.169943 1
0.109443 1
0.352666 47
0.009199 24
0.031808 24
0.005477 22
0.000772 2
0.002313 24
0.005871 24
0.004305 24
0.004468 24
0.002847 24
0.005280 24
0.003299 25
0.001315 28
0.001507 265
1.563392 1
0.071717 1
0.272222 1
0.123905 1
0.123987 1
0.128107 1
0.557258 1
0.332856 1
0.203434 1
0.102592 1
0.250569 47
0.015588 36
0.000012 42
0.002074 28
0.001808 60
0.000249 50
0.000086 25
0.000197 8
0.000050 122
0.958835 1
0.370851 4
0.333264 1
0.101727 1
0.300266 1
0.134135 1
0.152157 1
0.153944 1
0.393878 1
0.075896 1
0.259100 1
0.158973 3
0.374261 47
1.845646 2
0.000921 2
0.000256 30
0.001985 60
0.000156 50
0.000011 25
0.000165 130
1.531322 17
