0.043709 95
1.578974 54
0.003319 92
0.000021 2
1.549434 213
0.000089 2
0.003187 113
1.518941 45
0.000126 2
0.007788 133
3.650889 2
0.004006 172
4.479631 296
0.003225 128
4.199349 26
0.004109 128
3.332854 18
0.000368 2
0.003107 143
2.897203 197
0.000044 2
0.002839 137
0.000017 2
3.760459 28
0.000046 2
0.003970 134
2.667961 40
0.000011 32
0.001800 2
0.003460 152
2.289915 36
0.000596 2
0.003452 149
4.030366 246
0.000546 2
0.004733 137
0.000056 2
3.398437 260
0.000096 2
0.003153 142
0.000205 2
3.218403 98
0.003709 160
2.814473 11
0.002869 148
0.000256 2
2.982081 42
0.007098 148
2.891428 32
0.000456 2
0.003378 150
2.427714 55
0.003040 160
3.182759 2
0.005079 98
2.832814 2
0.018894 116
3.335840 186
0.003664 119
3.621010 59
0.000941 2
0.005466 116
2.388764 57
0.006199 2
0.004674 119
2.044039 57
0.000159 2
0.002989 116
3.455877 148
0.003720 115
3.426790 161
0.000083 2
0.005431 126
3.742093 64
0.003631 151
1.416584 2
0.004306 98
1.658705 2
0.003835 126
1.658586 2
0.012319 119
4.338086 183
0.002847 2
0.002454 134
2.804830 58
0.000481 2
0.004367 116
3.078821 47
0.000399 2
0.004211 114
2.660975 11
0.000020 82
0.000127 2
0.003660 147
3.948823 93
0.000034 2
0.004141 151
1.848955 2
0.006206 98
2.694738 2
0.004588 111
2.683465 258
0.000803 2
0.004991 142
3.030620 2
0.006130 146
2.500148 2
0.002680 174
0.000016 2
3.014671 2
0.003308 119
2.836519 65
0.003592 73
0.003229 128
5.064910 146
0.000033 324
0.000310 2
0.006081 166
2.744124 2
0.005012 146
3.011247 492
0.000816 2
0.004450 157
0.000023 2
5.535251 196
0.001724 2
0.003316 181
5.057951 835
0.000645 2
0.003399 142
6.192775 766
0.000548 2
0.003609 128
3.530733 3
0.001295 2
0.002741 125
2.776222 62
0.000129 208
0.000109 2
0.002868 144
0.000526 2
6.769991 78
0.000590 2
0.005529 178
3.468778 134
0.000016 288
0.000008 69
0.000007 79
0.000006 71
0.000007 2
0.000006 78
0.001143 2
0.002917 136
0.000015 2
3.513233 362
0.000101 2
0.003987 149
4.268333 179
0.000038 2
0.003914 206
5.128201 236
0.005937 183
0.004132 144
0.000016 2
4.340032 2
0.003324 142
5.196303 2
0.003747 147
5.610236 95
0.000842 40
0.010722 2
0.004308 120
0.000019 2
4.624114 97
0.007464 95
0.006742 2
0.035285 98
0.005572 95
0.006643 90
0.000445 2
0.002368 93
0.008468 104
0.003551 2
0.002883 130
3.706770 84
0.000027 2
0.007553 141
3.255817 2
0.005644 130
3.600836 15
0.000154 2
0.004417 111
3.639549 26
0.000614 2
0.004039 114
3.246854 17
0.000585 2
0.008940 114
1.832905 17
0.000355 2
0.009343 108
4.138508 2
0.000030 4
0.003777 151
1.956306 2
0.007510 96
