0.047489 28
0.000754 91
0.000142 86
26.244437 1
0.317028 1
0.455960 1
0.145978 1
0.259508 1
1.364523 1
0.277569 1
0.132187 1
0.381852 1
0.470037 1
0.379980 47
0.004782 28
0.002098 38
0.000260 28
0.000169 25
0.000134 8
0.000065 78
3.552342 1
0.141649 1
0.182624 1
0.224444 1
0.455351 4
0.232363 1
0.544553 4095
0.000029 2344
0.001598 66
0.000056 25
0.000121 8
0.000040 78
1.560314 1
0.082717 1
1.651134 1
2.102517 4
1.912822 11
0.000091 36
0.005061 255
0.000510 28
0.001753 38
0.000179 53
0.000104 86
10.161068 1
0.117452 1
0.281404 1
0.216716 1
0.164500 1
0.322165 1
0.286555 1
0.636265 75
0.002713 43
0.000320 33
0.000098 25
0.000185 96
2.660399 1
0.107775 1
0.251762 1
0.257153 11
0.001926 36
0.000019 88
0.000278 33
0.000009 25
0.000165 8
0.000110 88
3.142384 1
0.294138 1
0.181988 1
0.213679 1
0.173002 1
0.124712 1
0.386854 1
0.515020 2886
0.001304 197
10.751391 1
0.149939 1
0.187767 1
2.117438 1
2.327432 1
0.225605 1
0.314361 1
0.203472 1
0.688255 47
0.062310 26
0.000182 29
0.002580 197
4.943579 8
0.489213 4
0.218337 4
0.195942 4
0.161824 4
0.522007 1
0.126438 1
0.369950 47
0.035298 32
0.028114 272
0.000006 128
0.000029 2
0.000218 628
0.000075 1393
0.000008 92
0.000006 5
0.000005 71
0.000005 5
0.000005 56
0.000005 61
0.000004 88
0.000005 2
0.000005 5
0.000005 61
0.000005 5
0.000006 73
0.000006 7
0.000009 38
0.000005 89
0.000004 2
0.000005 24
0.000088 41
0.000020 619
3.982267 28
0.009248 28
0.002745 43
0.002280 154
7.745108 1
0.491969 1
0.174073 1
0.221629 1
0.296091 1
0.155178 1
0.396762 11
0.000480 36
0.014343 24
0.001065 29
0.004743 197
9.021293 1
0.269516 1
0.218387 1
0.260054 1
0.752182 1
0.138503 1
0.283421 1
0.278562 47
0.030536 32
0.026545 1068
0.000304 5
0.000005 324
0.756945 28
0.010124 28
0.009284 197
2.398314 1
0.179527 1
0.210622 1
0.386669 1
0.286756 1
0.419223 1
0.149956 1
0.225566 1
0.213497 1
0.208092 1
0.329750 1
0.531543 47
0.029392 32
0.015898 250
0.000197 4168
0.000005 1142
1.547006 28
0.014316 28
0.002905 43
0.000323 58
0.000062 96
4.199494 1
0.270791 1
0.900203 1
0.147727 1
0.540457 4
0.185950 4
0.227965 1
0.710736 1
0.196593 1
0.232497 1
0.184086 1
0.250297 1
0.513437 1
0.360151 47
0.053412 46
0.000538 28
0.002239 43
0.000600 154
3.941501 1
0.221773 1
0.608944 1
0.256435 1
2.014569 1
0.369987 1
0.151930 1
0.418185 47
0.002447 24
0.000036 134
0.055192 2904
0.809762 84
0.000254 28
0.013556 197
1.185377 7
0.587408 4
0.193585 4
0.152784 1
0.068714 1
0.216946 47
0.023800 44
0.002180 28
0.002711 197
0.728865 7
0.616733 4
0.189427 4
0.659450 1
0.073682 1
0.171898 1
0.238432 2
0.000038 9
0.000066 36
0.001406 158
0.013008 71
0.001285 1795
1.603073 84
0.000602 28
0.018494 197
1.046647 8
0.329227 4
0.236698 4
0.191641 4
5.885128 1
0.239118 1
0.832623 1
0.361908 1
0.479268 1
0.250257 1
0.557859 1
0.380391 1
0.692651 1
0.249182 1
0.339542 1
0.900479 1
0.409819 11
0.000497 36
0.033009 80
0.040982 4095
0.000036 1393
0.869867 84
0.000764 28
0.002454 43
0.002238 33
0.001631 121
19.805254 1
0.541341 1
0.195965 1
0.212223 1
0.847398 11
0.000327 42
