0.040283 28
0.000834 38
0.000049 28
0.000005 25
0.000163 86
7.095298 1
0.052942 1
0.236107 1
0.072600 1
3.993806 1
0.357697 1
0.162576 1
0.975804 4
0.903032 1
0.532492 1
0.175758 1
0.147259 1
0.101836 1
1.394883 1
0.157101 1
0.217451 1
0.077984 1
1.295412 1
0.503835 1
0.428585 1
1.295231 1
0.294845 1
0.692520 1
0.287606 1
0.946486 1
0.990368 1
0.533209 1
0.632004 1
0.208133 1
0.996200 1
0.656035 1
1.850004 11
0.000103 10
0.701413 1
0.509993 1
0.089856 1
0.480204 1
0.211716 1
0.115572 1
0.200362 1
0.103988 1
0.692307 1
0.150301 1
0.223576 1
0.363971 4
0.230243 1
0.131782 1
0.264312 1
0.341815 1
0.073794 1
1.010800 1
1.013680 1
0.429454 1
0.530371 1
0.440210 1
1.116013 1
0.572102 1
1.101980 1
0.353844 1
1.062601 1
0.586306 47
0.005052 60
0.000824 28
0.002919 38
0.000266 53
0.000150 86
7.743903 1
0.032050 1
0.096317 1
0.396264 1
0.119880 1
0.364912 1
0.015282 1
0.480237 4
0.189285 1
0.123346 1
0.433691 47
0.001521 192
0.000013 28
0.003681 38
0.000152 28
0.000053 25
0.000133 8
0.000043 78
1.622328 1
0.082737 1
0.110711 1
0.225119 1
0.190589 1
0.226848 1
0.487586 1
0.635579 1
0.154401 1
0.222248 47
0.001492 22
0.000237 170
0.000482 28
0.002296 38
0.000178 28
0.000063 25
0.000157 8
0.000129 78
0.443227 9
1.158866 1
0.168950 1
0.113255 1
0.164963 1
1.038043 1
0.526947 47
0.001186 192
0.000565 28
0.001528 38
0.000022 53
0.000101 86
5.396309 1
0.201200 1
0.122089 1
0.193982 1
0.119885 1
0.083503 1
0.219138 1
0.596451 11
0.000088 108
0.000011 41
0.000009 14
0.000008 28
0.000008 29
0.000007 26
0.000008 30
0.000009 33
0.000007 27
0.000008 30
0.000007 14
0.000008 11
0.000008 11
0.000008 19
0.000007 19
0.000008 11
0.000009 14
0.000007 18
0.000009 15
0.000008 15
0.000007 12
0.000008 62
0.000008 11
0.000008 16
0.000007 19
0.000009 2
0.000008 11
0.000007 23
0.000008 19
0.000008 18
0.000008 43
0.000008 61
0.000007 12
0.000008 14
0.000007 29
0.000008 41
0.000008 45
0.000008 41
0.000007 24
0.000008 25
0.000008 38
0.000008 41
0.000008 36
0.000007 23
0.000008 51
0.000007 30
0.000008 64
0.000008 89
0.000008 97
0.000007 47
0.000007 29
0.000008 47
0.000007 70
0.000008 49
0.000008 29
0.000007 53
0.000008 14
0.000008 70
0.000007 24
0.000008 41
0.000285 30
0.000015 39
0.000732 2918
0.000007 90
0.000481 4095
0.000136 375
0.002499 177
18.222822 1
1.267957 1
0.134105 1
0.122283 1
3.685830 173
0.002279 91
0.000050 86
6.496917 53
1.083354 76
0.329792 53
0.252597 83
0.569078 60
0.350599 76
0.678704 1
0.385602 1
0.075691 1
0.156801 1
0.743695 1
0.209873 1
1.728451 11
0.000074 55
0.000129 86
1.326560 53
0.747347 1
0.463030 1
0.027326 1
0.027892 1
0.029100 1
0.028321 1
0.028997 1
0.028392 1
0.302116 1
0.454472 5
0.185659 5
0.176702 5
0.169670 5
0.323374 5
0.585351 5
0.226794 5
0.194298 5
0.195719 5
0.370188 1
0.462011 1
0.028310 1
0.027255 1
0.027854 1
0.028164 1
0.028015 1
0.028641 1
0.027815 1
0.029024 1
0.027612 1
0.028236 1
0.028329 1
0.028597 1
0.027980 1
0.028126 1
0.027570 1
0.131571 1
0.461231 1
0.027830 1
0.027311 1
0.028033 1
0.028373 1
0.039201 1
0.028686 1
0.027639 1
0.202455 1
0.320249 3
0.287789 5
0.124805 5
0.711255 119
0.006353 38
0.000694 53
0.000161 86
4.681617 1
0.087932 1
0.301403 1
0.195655 1
0.278696 1
0.139030 1
0.101892 1
0.248654 1
0.109276 1
0.344117 1
0.200900 47
0.034677 32
0.020981 511
0.000018 1415
0.721889 28
0.004262 28
0.012562 91
0.000841 86
2.576548 10
0.167756 1
0.460835 1
0.028195 1
0.029821 1
0.027164 1
0.030427 1
0.030572 1
0.028652 1
0.271989 3
0.326193 17
0.143853 15
0.382626 11
0.000014 36
0.026740 32
0.021283 1206
0.000038 870
0.000008 318
0.000005 81
0.000007 34
0.000005 58
0.000004 138
0.000007 165
0.000004 203
0.000005 7
0.000006 39
0.000047 374
0.862132 28
0.013170 28
0.003372 177
2.105703 12
0.149947 1
0.461947 1
0.007840 1
0.026328 1
0.023388 1
0.029536 1
0.029793 1
0.714673 19
0.213020 15
0.223117 15
0.492977 11
0.000037 36
0.024676 672
0.001152 417
0.001419 52
0.000501 52
0.000218 67
0.000423 46
0.002092 389
0.000005 76
0.000018 73
0.000014 83
0.000515 159
0.000256 94
0.000431 52
0.000183 52
0.000155 67
0.000907 154
0.000131 357
0.000069 67
0.001634 28
0.000822 38
0.000042 28
0.000011 25
0.000079 86
3.099284 1
0.183424 1
0.136137 1
0.111687 1
0.117483 1
0.835338 1
0.105399 1
0.118339 1
0.221320 1
0.104307 1
0.319685 1
0.250413 11
0.000565 36
0.002341 24
0.000149 134
0.016090 71
0.000373 387
0.000158 446
0.000006 165
0.000043 140
0.000019 158
0.000011 147
0.000009 87
0.000017 82
0.000113 183
0.000057 966
0.000010 255
0.000261 6
1.692236 84
0.001977 28
0.009319 177
1.855837 1
0.129083 1
0.066606 1
0.150857 1
0.252234 1
0.090289 1
0.304066 1
0.159854 1
0.145833 1
0.128948 1
0.496658 1
0.664853 1
0.084794 1
0.423585 1
0.446805 1
0.204004 11
0.000290 36
0.009206 92
0.000729 82
0.007111 38
0.000240 139
3.142902 1
0.413909 1
1.988787 4
0.188560 4
6.873339 1
0.175033 1
0.150204 1
0.094076 1
0.123955 1
0.193325 1
0.566186 1
0.272569 1
0.149561 1
0.230472 1
0.729802 1
0.231387 1
0.318599 1
0.151489 1
0.460343 1
0.173652 1
1.122972 11
0.000310 36
0.011906 28
0.002974 66
0.000136 111
3.748207 1
0.094415 1
0.445111 1
0.563926 1
0.505946 1
0.209991 8
0.382099 11
0.000014 36
0.000249 28
0.003847 48
0.000029 169
0.769173 1
0.112205 1
0.220634 1
0.860267 97
0.002290 48
0.000162 38
0.000009 25
0.000139 8
0.000009 98
0.743206 1
0.060128 1
0.193792 1
0.141704 1
0.152469 1
0.406142 11
0.000226 64
0.002942 177
0.574696 1
0.616786 1
0.171225 1
0.398060 11
0.000014 48
0.000128 28
0.002841 177
1.057962 1
0.074006 1
0.180967 1
0.359972 1
0.443733 2
0.000020 9
0.000087 36
0.000080 22
0.000154 28
0.003032 48
0.002497 169
0.945329 1
0.054847 1
0.160156 1
0.135409 1
0.158689 1
0.163743 11
0.000599 64
0.002025 38
0.000242 28
0.000060 25
0.000135 8
0.000044 78
9.754198 1
0.497819 47
0.016298 243
0.000316 28
0.012942 66
0.000156 25
0.000167 8
0.000053 78
3.630665 1
0.174498 1
0.207683 1
0.360484 47
0.002463 12
0.002692 28
0.002534 177
3.600901 1
0.199034 1
0.139742 1
0.212729 1
0.179711 1
0.179989 1
0.099194 1
1.385464 1
0.383411 1
0.146798 1
0.457151 1
0.464013 3
0.171866 3
0.149568 3
0.279852 3
0.641055 7
0.657088 7
0.170706 3
0.577957 7
0.141815 3
0.319751 3
0.155751 3
1.841201 3
0.085055 3
0.612334 3
0.235593 3
0.240475 3
0.141357 3
0.304927 3
0.137702 3
0.501823 90
0.001910 38
0.000167 28
0.000057 25
0.000172 8
0.000080 78
1.817996 1
0.097615 1
0.116157 1
0.146810 1
0.082987 1
0.294157 1
0.398030 1
0.376014 1
0.129803 1
0.445369 1
3.574306 3
0.886499 7
0.403937 3
0.096006 3
0.083558 3
0.450800 47
0.001421 154
0.000789 28
0.002073 38
0.000148 28
0.000038 25
0.000125 8
0.000009 78
10.136892 1
0.101967 1
0.111874 1
0.347148 1
0.117960 1
0.164261 1
0.114732 1
0.098873 1
0.103716 1
0.534420 47
0.034871 32
0.020297 637
0.001381 1374
0.786880 28
0.002679 28
0.013950 38
0.000036 53
0.000241 86
5.050787 1
0.181470 1
0.066078 1
0.123189 1
0.105536 1
0.302751 1
0.491688 1
0.107192 1
0.445529 2
0.000042 9
0.000064 36
0.002827 118
0.000691 28
0.001744 177
2.805043 8
1.507477 4
0.367949 1
0.302275 47
0.003224 66
0.000013 21
0.000009 37
0.004085 28
0.003565 38
0.000180 53
0.000175 86
0.434153 8
1.720651 4
0.249217 1
0.460011 11
0.000066 36
0.005418 11
0.000584 28
0.003044 38
0.001373 139
0.509662 8
0.476251 4
0.135846 1
1.649766 11
0.000434 36
0.004732 19
0.000704 28
0.002450 38
0.000171 28
0.001234 33
0.000265 78
0.480352 8
0.371899 4
0.319800 1
0.489890 11
0.000066 36
0.005778 8
0.001101 28
0.003115 38
0.000093 28
0.000012 25
0.000156 8
0.000014 78
3.714331 1
0.114260 1
0.263122 1
0.109360 1
2.880863 1
0.337732 1
0.151940 1
0.342006 1
0.787550 3
1.531691 3
0.209026 1
0.661961 4
1.280891 1
0.218665 1
0.151002 1
0.586224 4
0.189328 4
1.646115 4
1.932521 1
1.183095 1
2.351884 1
0.572497 1
2.873746 6
0.218092 6
0.134787 6
0.261527 6
2.905894 5
0.962720 3
0.226666 1
0.146431 5
0.126508 3
0.182708 3
1.501030 1
0.776292 1
2.165534 2
0.300116 2
0.333744 2
0.470383 2
0.503192 2
1.106777 1
1.059587 1
0.561165 1
0.833321 1
1.058302 1
1.482019 1
0.193916 1
0.181034 1
0.166853 1
0.171857 5
0.081193 3
0.198068 3
0.159025 3
0.479278 5
0.330057 4
0.209939 4
0.226289 4
1.341657 3
1.499800 5
0.544403 3
2.454303 3
4.848141 2
0.001151 17
0.000062 2
1.763960 1
0.627828 4
1.398986 2
0.607915 2
0.087352 2
0.264405 2
0.440595 2
1.185513 1
0.993974 1
2.224034 1
0.447317 2
1.512543 1
1.257890 4
0.187717 4
0.800338 1
1.248973 1
0.154657 1
0.880337 1
0.449908 1
0.917992 1
0.186084 1
0.205097 1
0.337652 1
1.067145 9
0.411426 3
0.266956 3
0.823794 5
0.343235 3
0.221212 3
1.320542 1
0.692924 11
0.000014 36
0.007102 67
0.001395 28
0.004974 38
0.000398 139
7.343918 50
0.000014 22
0.687971 1
0.461510 1
0.030346 1
0.027467 1
0.030248 1
0.031718 1
0.030881 1
0.030384 1
0.029294 1
0.030121 1
0.030306 1
0.028765 1
0.029724 1
0.028406 1
0.027542 1
0.030574 1
0.029789 183
0.030535 1
0.203643 1
0.463849 1
0.029456 1
0.027781 1
0.028678 1
0.031145 1
0.028322 1
0.189949 1
0.236296 1
1.867937 1
0.299214 1
0.698574 1
0.752239 9
1.207899 5
0.560715 5
0.473291 3
0.461256 3
0.000329 3
0.031626 3
0.026741 3
0.030029 3
0.030273 3
0.028226 3
0.027870 3
0.027951 3
0.028663 3
0.028334 3
0.028629 3
0.027599 3
0.028112 3
0.028221 3
0.027500 3
0.028836 3
0.028387 3
0.028345 3
0.028203 3
0.028433 3
0.027809 3
0.028778 3
0.027911 3
0.028273 3
0.028492 3
0.028004 3
0.028473 3
0.028103 3
0.027642 1
0.028159 1
0.028845 1
0.373925 11
0.000077 36
0.005217 73
0.001259 28
0.003155 177
5.798343 1
0.005310 1
0.055352 1
0.298543 1
0.200316 1
0.056650 1
0.156566 1
0.183388 1
0.434973 4
0.188665 4
0.165975 4
0.363826 1
0.331194 1
0.126481 1
0.229823 11
0.000091 36
0.005107 396
0.002123 38
0.000541 53
0.000127 86
2.682371 1
0.086244 1
0.097857 1
0.174961 1
0.390619 1
0.146199 1
0.106466 1
0.684059 1
0.455193 11
0.000101 36
0.002468 32
0.001018 70
0.000011 136
0.000009 68
0.000008 68
0.000009 68
0.000008 68
0.000008 68
0.000056 272
0.000103 70
0.000019 752
0.000008 136
0.000008 68
0.000008 68
0.000008 68
0.000007 66
0.000009 68
0.000008 68
0.000007 2
0.001718 28
0.002605 177
2.117784 1
0.096285 1
0.267689 1
1.686422 4
0.231817 1
2.042143 1
0.163254 1
0.872295 1
0.610406 1
0.624899 47
0.002082 27
0.000639 29
0.003369 177
3.952862 1
0.088451 1
0.217295 1
0.248424 1
0.664390 1
0.221795 1
0.703947 1
0.444938 1
0.394688 11
0.000382 36
0.002979 3
0.000635 2
0.000327 28
0.010958 38
0.000227 53
0.000167 8
0.000012 78
6.956273 1
0.025216 1
0.207401 1
5.187756 1
0.431681 1
0.082738 1
0.949152 1
0.268503 1
0.130083 1
0.085455 1
0.527481 1
0.542868 11
0.000471 36
0.001473 435
0.000297 29
0.002731 38
0.000577 28
0.000092 25
0.000416 86
8.501147 1
0.008741 1
0.086719 1
0.470097 1
0.184228 1
0.085551 1
0.138338 1
0.308509 1
0.453340 1
0.198316 1
0.213673 1
0.118791 1
0.093382 1
0.733785 1
0.143650 1
0.126506 1
0.437950 1
0.622108 1
0.492251 47
0.001689 236
0.000013 138
0.000009 134
0.000008 68
0.000008 2
0.000008 68
0.000008 2
0.000008 68
0.000008 68
0.000008 68
0.000008 68
0.000007 68
0.000008 68
0.000008 68
0.000007 2
0.000008 68
0.000171 66
0.000134 614
0.000020 342
0.001965 102
0.000012 202
0.000008 68
0.000008 68
0.000008 68
0.000007 68
0.000008 2
0.000008 2
0.000008 68
0.000008 68
0.000008 68
0.000007 68
0.000008 68
0.000007 68
0.000008 68
0.000008 66
0.000008 4
0.000007 66
0.000008 68
0.000008 68
0.000007 68
0.000008 2
0.000008 68
0.000008 68
0.000007 68
0.000008 68
0.000007 2
0.000008 68
0.000008 68
0.000007 68
0.000008 68
0.000008 68
0.000008 68
0.000008 68
0.000008 68
0.001944 28
0.005187 38
0.000146 28
0.000011 25
0.000162 8
0.000011 78
3.020157 1
0.345567 4
0.224021 1
0.180736 1
0.095909 1
0.254992 1
1.142559 4
0.463109 4
0.030231 4
0.027936 4
0.029054 1
0.028753 1
0.030165 1
0.029833 1
0.028374 1
0.029073 1
0.029518 1
0.028767 1
0.027479 1
0.028165 1
0.029015 1
0.028028 1
12.846332 1
0.018674 1
0.446604 47
0.028272 93
0.001017 28
0.002606 177
2.357501 1
0.242812 1
0.523398 4
0.167625 4
0.345595 17
