0.024290 28
0.001235 54
0.000159 44
0.000015 25
0.000277 8
0.000051 110
14.343625 1
0.017828 1
0.183720 1
0.150446 1
0.218420 1
1.650002 1
0.222103 1
0.446430 1
0.135825 1
0.309924 1
2.751503 1
0.276950 1
0.206035 1
0.226015 1
0.090959 1
1.079877 1
0.099473 1
0.150622 1
0.198906 1
0.125645 1
0.184909 1
0.181324 1
0.229816 1
0.198872 1
0.602160 47
0.006814 28
0.001147 54
0.000072 44
0.000020 25
0.000091 8
0.000017 110
1.884224 1
0.106057 1
0.184871 1
0.189526 1
0.256672 1
0.294005 1
0.462093 1
0.309879 1
0.108551 1
0.195621 1
0.240844 1
0.725345 1
0.113361 1
0.195432 1
0.483019 1
0.285345 1
0.191279 1
0.141778 1
0.116841 1
0.261674 1
0.171714 1
0.159886 1
0.129566 1
0.324025 1
0.197736 1
0.241874 1
0.224634 1
0.750022 47
0.024352 28
0.001073 54
0.000107 44
0.000101 25
0.000102 8
0.000023 110
1.025236 1
0.081589 1
0.146870 1
0.095923 1
0.820238 1
1.350376 1
1.928376 1
1.499866 1
0.148291 1
0.272946 1
0.602751 4
0.153107 1
0.768881 1
0.734128 1
0.205813 1
0.103475 1
0.263238 1
0.392093 1
0.342998 1
5.999918 1
0.055554 1
0.359057 1
0.109137 1
0.169984 1
0.464812 1
0.457435 1
0.269524 1
0.232742 1
0.382161 47
0.045801 28
0.002332 241
3.905505 1
0.184047 1
0.134156 1
0.471660 4
0.173729 4
1.226334 1
0.164290 1
0.357691 1
0.301837 1
0.176031 1
0.226157 1
0.147837 1
0.224159 1
1.540755 1
0.211985 1
0.204243 1
0.111233 1
1.045601 1
0.835769 9
1.388487 1
0.193624 1
0.510720 9
2.453837 11
0.000304 36
0.037344 75
0.000227 28
0.001457 54
0.000185 44
0.000062 25
0.000164 8
0.000056 110
2.470525 1
0.124250 1
0.215816 1
0.247949 1
1.089304 1
0.186943 1
0.496716 1
0.179096 1
0.455854 1
0.311243 1
0.654963 1
0.938417 1
0.100244 1
0.244774 1
0.122091 1
0.172170 1
0.463422 1
0.219803 1
0.311593 3
0.311109 11
0.000490 36
0.001937 19
0.000662 17
0.000364 28
0.003319 54
0.000131 44
0.000047 25
0.000240 118
10.594983 1
0.009087 1
0.920990 1
0.084208 1
0.102885 1
0.829634 1
0.275441 1
0.099006 1
0.389533 4
0.292522 4
0.282175 1
0.118554 1
0.119451 1
0.678206 1
0.181044 11
0.000354 36
0.002264 28
0.003173 123
0.000020 8
0.000197 110
1.445352 1
0.112612 1
0.208706 1
1.372003 1
0.424487 1
0.359812 1
0.227773 1
0.220559 1
1.150059 1
0.301997 1
0.094851 1
0.405022 1
0.608117 1
0.139678 1
0.134086 1
0.123131 1
0.617560 4
0.956094 4
0.230773 1
0.768127 11
0.000643 36
0.002710 28
0.003094 54
0.000266 44
0.000121 25
0.000321 8
0.000069 110
2.286769 1
0.101394 1
0.190255 1
0.171633 1
0.502910 1
0.167834 1
0.245653 1
0.374627 4
0.255537 4
1.300016 1
0.266656 1
0.111210 1
0.982197 1
0.098573 1
0.101095 1
0.179893 1
0.192108 11
0.000114 36
0.007299 176
0.000388 28
0.002259 54
0.000221 44
0.000007 25
0.000280 118
19.290628 1
0.097591 1
0.168431 1
0.365535 1
0.203680 1
0.113824 1
1.758187 1
0.204249 1
0.175278 1
0.435878 1
0.126538 1
0.201946 1
0.512193 1
1.090681 1
0.215514 1
0.127879 1
0.053279 1
0.181141 1
0.568778 1
0.179872 1
0.191121 1
0.149342 1
0.560226 9
0.084975 9
0.224005 3
0.231872 3
0.222516 3
0.564201 47
0.001196 29
0.000074 24
0.000366 43
0.000517 42
0.003366 15
0.000139 2
0.000629 28
0.001090 54
0.000063 44
0.000005 25
0.000171 118
3.290773 1
0.128068 1
0.193978 1
1.612347 1
0.379612 1
0.168078 1
0.174274 1
1.959953 1
0.200951 1
0.156177 1
0.364303 1
0.115218 1
0.246986 1
1.867169 1
0.190465 1
0.160696 1
0.175615 1
0.230707 1
0.154521 1
1.935354 1
0.544963 1
0.118270 1
0.510381 1
0.002150 1
0.034096 1
0.030778 1
0.145830 1
0.255321 5
0.105192 3
0.512492 3
0.003158 3
0.032932 3
0.029099 3
0.032693 3
0.030766 3
1.025859 1
0.151129 1
0.103909 1
0.284325 1
0.336738 1
0.325657 1
0.187540 1
0.166687 1
0.534951 9
0.093377 9
0.127209 3
0.384128 47
0.004207 28
0.001561 54
0.000151 44
0.000045 25
0.000150 8
0.000012 110
2.175216 1
0.156653 1
0.201447 1
1.088967 1
0.262319 1
0.126942 1
0.196452 1
0.187777 1
0.599980 4
0.574042 4
0.360248 1
0.199944 1
1.927270 1
0.190417 1
0.210779 1
0.142738 1
0.204577 1
0.965779 1
0.288324 1
0.248252 1
0.063516 1
0.217806 1
0.204200 1
0.328401 1
0.267414 1
0.508510 1
0.090496 1
0.008682 1
0.804594 4
0.195589 4
0.380595 1
0.298073 1
0.169757 1
0.220415 47
0.001957 53
0.000391 43
0.000601 42
0.008554 17
0.000556 28
0.002334 54
0.000212 69
0.000186 118
14.997898 1
0.113556 1
0.252952 1
0.116099 1
0.227327 1
0.627867 1
0.383377 1
1.014625 1
1.739725 1
0.281724 1
0.190172 1
0.275742 1
0.285617 3
0.486062 1
0.212030 5
0.309956 2
0.000015 9
0.000073 36
0.008988 298
0.000748 28
0.002269 241
5.655419 1
0.156183 1
1.129463 1
0.140968 1
0.602767 1
0.291864 11
0.000124 36
0.006654 454
0.000039 28
0.002598 241
5.173969 1
0.086452 1
0.165894 1
0.109531 1
0.197029 1
0.208630 1
0.142876 1
0.169536 1
0.260247 1
0.163562 1
0.274810 1
0.891011 1
0.292017 4
0.152743 1
0.183085 1
0.996499 1
0.402136 4
0.166573 1
0.596546 180
2.535711 1
0.139863 4
0.303638 47
0.006952 68
0.000625 2
0.000488 28
0.003299 123
0.000090 8
0.000013 110
6.003952 1
0.095223 1
0.204422 1
0.121610 1
0.125965 1
0.698028 1
0.417417 1
0.133416 1
0.140114 1
0.301810 1
0.099837 1
0.236634 1
1.415984 1
0.183480 1
0.289779 1
0.108211 1
0.247125 1
0.628866 47
0.002084 42
0.000616 29
0.002959 54
0.000184 44
0.000273 25
0.000225 8
0.000107 110
7.794622 17
0.146335 1
0.506155 1
0.004378 1
0.028626 1
0.040240 1
0.033250 1
0.031651 1
0.033704 1
0.034186 1
0.033020 1
0.032673 1
0.033723 1
0.033013 1
0.034340 1
0.032756 1
0.033465 1
0.032404 1
0.034518 1
0.031838 1
0.031179 1
0.030197 1
0.452477 5
0.196623 5
0.759024 3
0.447608 11
0.000076 36
0.001853 350
0.000284 28
0.002000 54
0.000169 44
0.000006 25
0.000179 8
0.000009 110
3.837535 1
0.168954 1
0.566777 1
0.121850 1
0.239806 1
0.474749 1
0.205384 1
0.170034 1
1.050553 1
0.672820 1
0.195495 1
0.209665 1
0.176730 1
0.180004 2
0.541008 1
0.194391 1
0.929830 1
0.203023 4
0.285142 11
0.000048 36
0.003203 101
0.002402 84
0.000509 59
0.000554 28
0.002949 241
7.983887 1
0.013958 1
0.106917 1
0.182305 1
1.026848 1
0.449668 1
0.162574 1
0.237937 1
0.398333 1
0.101562 1
1.183666 1
0.792328 1
0.413721 1
0.176586 1
0.089723 1
0.222918 1
0.218715 1
0.571844 1
0.135425 1
0.177854 6
1.554941 1
0.972293 1
0.214461 1
0.233059 1
0.594164 4
0.196934 4
0.167465 1
0.111493 1
0.674300 1
0.224425 1
0.207736 1
0.110947 1
0.153096 1
0.205239 1
0.343950 4
0.274109 4
0.222556 4
1.048191 1
1.253808 1
0.149141 1
0.223652 1
0.125043 1
0.693074 47
0.083887 28
0.000884 98
0.000013 25
0.000108 118
13.736433 1
0.066951 1
0.138561 1
1.634421 1
0.263753 1
0.133038 1
0.359389 1
0.221683 1
0.299801 1
0.488817 1
1.394343 1
0.311131 1
0.110902 1
0.273394 1
0.226648 1
0.223029 1
0.135709 1
0.328981 1
0.496092 1
0.212099 1
0.134242 1
0.373064 47
0.001631 20
0.713451 16
0.000601 28
0.001189 123
0.000056 118
707.173369 1
0.165678 1
0.080233 1
2.245969 4
0.171019 4
0.444752 1
0.050815 1
0.311217 1
1.451747 1
0.075350 1
23.335122 1
0.287764 1
0.193805 1
0.446666 1
1.505196 1
0.449732 1
0.196958 1
0.381675 1
0.196521 1
0.243260 1
0.232105 1
3.892845 1
0.229622 1
0.108434 1
0.140915 1
0.359613 8
0.518029 47
0.001584 20
0.732704 14
0.000459 30
0.002179 54
0.000902 77
0.000053 110
10.909803 1
0.129269 1
0.233641 1
0.141458 1
0.572198 1
0.757491 4
0.500334 4
0.031368 4
0.038829 4
0.035448 4
0.042360 1
0.032674 1
0.032064 1
0.032681 1
0.391305 1
0.220904 1
0.170552 1
0.129669 1
0.209338 1
0.161187 1
0.170200 1
0.249452 1
0.226709 1
2.126269 1
0.658650 1
0.718814 4
0.161559 4
0.654957 1
0.175343 1
0.269684 4
0.744595 1
0.223803 5
0.514262 47
0.003842 482
0.001385 28
0.001786 54
0.000072 69
0.000078 118
19.975095 1
0.067552 1
0.622087 1
0.108616 1
0.233599 1
0.851667 1
0.663346 1
0.176614 1
0.186547 1
0.179294 1
0.245363 1
0.136165 1
1.081081 1
0.491251 11
0.000924 36
0.004273 28
0.002549 54
0.000236 69
0.000147 8
0.000013 110
2.106961 1
0.531228 1
0.832283 1
0.122966 1
0.568598 1
1.989281 1
0.214556 1
0.154454 1
0.224358 1
0.126318 1
0.217760 1
1.510949 1
0.197070 5
2.465763 1
0.139257 1
0.159822 1
0.888846 1
0.080120 1
0.499421 1
0.187809 1
0.156189 6
0.644459 47
0.002593 22
0.000097 37
0.128326 2
0.000206 28
0.001425 241
6.804004 1
0.002828 1
0.281976 1
0.130880 1
0.117225 1
9.011116 4
0.488781 4
0.500575 4
0.000097 4
0.029771 4
0.036172 1
0.029586 1
0.031475 1
0.033314 1
0.030137 1
0.031822 1
0.030935 1
0.328648 1
0.099379 1
0.210334 1
0.131266 1
0.206164 1
0.446439 47
0.007282 81
0.001163 828
0.000349 28
0.004544 241
11.417043 1
0.167461 1
0.228263 1
0.131424 1
0.222031 1
1.432536 4
0.501746 4
0.000581 4
0.029913 4
0.030662 4
0.035293 1
0.033999 1
0.031996 1
0.037478 1
0.032263 1
0.031569 1
0.382264 1
0.065144 1
0.236883 1
0.121779 1
0.097687 1
0.178233 1
0.478131 1
0.243605 1
0.191084 1
0.079482 1
0.219758 1
0.164004 1
0.174877 1
0.618526 47
0.004753 28
0.003615 54
0.000306 44
0.000075 25
0.000156 8
0.000046 110
1.381793 1
0.187993 1
0.146117 1
0.132088 1
0.224050 1
1.226921 1
0.445456 1
0.128245 1
0.284158 1
0.121873 1
0.277425 1
1.418343 1
0.357270 5
1.598334 1
0.336065 1
0.983574 1
0.412417 1
0.162019 1
0.189693 1
0.101921 1
0.247591 3
0.714907 1
0.171048 1
0.570247 11
0.000632 36
0.002266 344
0.000395 28
0.004228 123
0.000021 8
0.000053 110
24.064468 28
0.962350 1
0.506021 1
0.002911 1
0.028139 1
0.044361 1
0.033559 1
0.032317 1
0.033487 1
0.032745 1
0.033898 1
0.483499 1
0.501726 1
0.002857 1
0.035177 1
0.279117 3
0.211578 3
0.314770 5
0.181866 5
0.291952 6
0.488319 5
0.229241 5
3.307463 5
0.477558 5
0.603620 47
0.003630 409
0.001036 28
0.003193 54
0.000500 187
26.389674 1
0.123506 1
0.238269 1
0.133074 1
0.233780 1
1.957416 1
0.324027 1
0.195545 1
0.445938 1
0.132140 1
1.988399 1
0.361268 4
0.438434 1
1.384403 1
0.223667 1
0.295589 1
0.767574 1
0.111277 1
1.153372 47
0.002540 20
0.000680 78
0.001243 39
0.000013 2
0.001019 28
0.003062 54
0.000740 187
2.352048 1
0.123037 1
0.119722 1
0.744228 1
0.093908 1
0.154880 1
0.373481 1
0.107338 1
0.099781 1
0.658456 1
1.003632 1
0.381783 1
0.264169 1
0.184738 1
0.181212 1
0.161796 1
0.563670 11
0.176907 11
0.266414 1
0.300296 3
0.303672 11
0.000637 36
0.002178 28
0.005382 54
0.000604 69
0.000841 8
0.000096 110
1.850197 1
0.169481 1
0.189885 1
0.143947 1
0.237954 1
0.532256 1
0.264094 1
0.120013 1
0.301651 1
0.086793 1
0.257547 1
0.444022 1
0.237757 1
1.486252 1
0.258245 1
0.277677 3
0.377823 2
0.000014 9
0.000071 36
0.002938 120
0.000013 37
0.002005 2
0.001827 28
0.003602 241
5.621761 1
0.002371 1
0.244835 1
0.124735 1
0.193908 1
0.287246 47
0.007326 1146
0.000720 28
0.003003 54
0.000132 69
0.000162 118
1.394230 1
0.100498 1
0.195883 1
0.659789 1
0.229766 1
0.167645 1
0.269650 1
0.081183 1
0.130526 1
0.750214 1
0.254602 11
0.000739 36
0.005376 176
0.000741 28
0.002070 54
0.000228 44
0.000064 25
0.000166 8
0.000010 110
26.239117 1
0.044468 1
0.157088 1
1.248583 1
0.105845 1
0.139345 1
0.242423 1
1.585268 1
0.757870 1
0.398103 1
0.212251 1
0.241735 1
0.208184 1
0.670848 1
0.201474 1
0.422437 47
0.003194 28
0.003540 54
0.000400 187
2.363322 1
0.206751 1
0.153901 1
0.238121 1
0.239991 1
0.197790 1
0.103404 1
0.394402 1
0.356196 9
5.586468 47
0.002976 28
0.002897 241
3.435718 1
0.352976 1
0.143627 1
0.383538 1
1.131861 1
0.444674 1
0.159992 1
0.257640 1
0.370828 1
0.090483 1
0.356684 1
0.149184 1
0.478823 1
0.903547 1
0.268356 1
0.264390 1
0.204076 1
0.983798 1
0.396020 1
0.221607 1
0.916166 1
0.140154 1
0.273588 1
0.107849 1
0.499314 1
1.065303 1
0.235308 1
0.236482 1
0.203679 1
0.802659 1
1.085596 1
0.194048 1
0.283401 11
0.000553 36
0.002173 28
0.002866 123
0.000116 118
7.002759 1
0.069416 1
0.180838 1
0.180457 1
0.202150 1
0.226123 1
3.456265 1
0.337037 1
0.170893 1
0.193459 1
0.287420 1
0.120056 1
0.291052 13
0.649064 11
0.000057 36
0.037990 28
0.002959 54
0.000223 44
0.000015 25
0.000236 8
0.000015 110
1.399085 25
0.214871 1
0.499438 1
0.000276 1
0.030186 1
0.030212 1
0.031802 1
0.030004 1
0.030840 1
0.032679 1
0.029057 1
0.030753 1
0.032691 1
0.034688 1
0.031900 1
0.033576 1
0.268150 1
0.192368 5
0.477420 11
0.000073 36
0.002874 16
0.000150 5
0.000797 28
0.002800 54
0.000942 44
0.000048 25
0.000150 8
0.000070 110
3.624235 1
0.242097 1
0.131242 1
0.220681 1
0.236121 1
0.453920 1
0.300450 1
0.200365 1
0.153921 1
0.142756 1
0.249987 1
0.291691 8
0.399395 47
0.004916 28
0.003205 241
0.730536 19
0.192473 49
0.708749 1
0.339215 1
0.484333 1
0.510053 1
0.002482 1
0.028745 1
0.036199 1
0.231625 1
0.326995 5
0.499469 5
0.003607 5
0.027265 5
0.035823 5
0.223946 5
0.192433 5
0.381648 5
0.089410 5
0.188997 5
0.163350 5
0.097605 5
0.153787 5
0.365231 2
0.000018 9
0.003012 36
0.001624 14
0.002287 34
0.001744 54
0.000230 69
0.000217 118
32.008601 1
0.264200 1
0.137484 1
0.254069 1
0.196024 1
0.133062 1
0.318573 1
1.165595 1
0.204522 1
0.138998 1
0.274564 12
0.601675 47
0.003086 125
0.000438 28
0.003327 54
0.000623 187
15.955214 1
0.007065 1
0.305260 1
0.090575 1
0.124286 1
0.198872 1
0.745846 1
0.308845 1
0.295649 1
0.197864 1
0.144015 1
0.437961 1
0.317056 1
0.181894 1
0.470745 1
0.522316 47
0.003297 28
0.003308 123
0.000010 118
2.755548 1
0.147894 1
0.177857 1
0.866499 1
0.382245 1
0.263097 1
0.196688 1
1.164488 1
0.723817 1
0.251652 1
0.524487 8
0.378468 47
0.002379 28
0.002888 54
0.000152 44
0.000132 25
0.000088 8
0.000010 110
0.879585 1
0.092893 1
0.139938 1
0.102538 1
0.262210 1
0.170471 1
0.688960 1
0.506564 1
0.250212 8
0.296090 47
0.006607 149
0.000944 72
0.000467 28
0.002684 54
0.000310 44
0.000077 25
0.000444 8
0.000066 110
12.402007 1
0.095651 1
0.360472 1
0.616260 1
0.187754 1
0.281436 1
0.211599 7
0.378369 2
0.000643 9
0.000019 64
0.002666 281
1.483319 1
0.157483 1
0.196248 1
0.212768 1
0.164456 1
0.249811 1
0.224454 1
0.805393 1
0.122107 1
0.208698 1
1.151129 1
0.103929 1
0.278901 13
0.407229 47
0.002438 53
0.000545 28
0.003423 64
0.000517 54
0.000011 25
0.000191 138
12.088106 1
0.041430 1
0.165210 1
0.168755 1
0.129835 1
0.197086 1
0.678012 1
0.454120 1
0.129004 1
0.235009 1
0.186921 1
2.312725 1
0.116300 1
0.339509 11
1.106737 1
0.297266 1
0.274327 1
0.071698 1
0.248566 11
0.552555 4
0.188990 4
0.168926 4
0.192429 4
1.349212 47
0.002404 46
0.001757 28
0.001026 64
0.000375 79
0.000409 138
5.643968 1
0.105083 1
0.175125 1
0.273771 1
0.139380 1
0.456575 4
0.247963 1
0.160256 1
0.732474 1
1.045648 1
1.329164 1
0.200965 1
1.862388 1
0.274575 1
0.153911 1
0.275117 1
0.201912 1
0.381176 1
0.107535 1
0.854797 1
0.211784 1
0.211665 1
0.204095 1
0.194434 1
0.827586 1
0.244491 1
0.720659 47
0.005150 28
0.003165 64
0.000205 79
0.000244 138
1.697428 1
0.766555 1
0.332368 2
0.000007 9
0.000123 36
0.003528 91
0.000263 2
0.000292 28
0.002948 64
0.000156 54
0.000056 25
0.000218 138
4.630500 1
0.091800 1
0.194132 1
0.099011 1
0.158428 1
0.231149 75
0.001929 54
0.000203 69
0.000152 118
12.225730 1
0.061833 1
0.190867 1
0.096393 1
0.256137 1
0.700364 47
0.006442 11
0.000483 1361
0.000432 28
0.002104 54
0.000041 69
0.000119 118
8.130189 1
0.054761 1
0.137935 1
0.117176 1
0.207838 1
0.167316 1
0.823123 1
0.094807 1
0.111591 1
0.229207 1
0.402251 11
0.000609 36
0.007048 9
0.005136 195
0.008937 241
2.108628 1
0.110749 1
0.099422 1
0.385594 1
0.104509 1
0.084995 1
0.415893 1
0.856459 1
0.207783 1
0.095850 1
0.246480 10
4.428160 1
0.484457 1
0.359335 1
0.325519 4
0.186402 1
0.183415 13
0.527707 1
0.555740 3
0.307549 4
0.499204 4
0.033701 4
0.030361 4
0.031144 4
0.031343 4
0.029806 4
0.030659 4
0.420146 1
0.243415 1
0.193628 1
0.206225 1
0.208508 1
0.367544 47
0.002940 28
0.004402 54
0.000022 187
0.547638 32
0.241838 1
0.509931 1
0.006840 1
0.033564 1
0.022937 1
0.470852 15
0.501287 15
0.002627 15
0.027450 15
0.034637 15
0.160597 15
0.274967 15
0.409330 11
0.088991 11
0.233170 11
0.124415 11
0.208150 11
0.208316 1
0.508061 1
0.004931 1
0.032749 1
0.035171 1
0.029978 1
0.035243 1
0.032911 1
0.030941 1
0.184637 1
0.421101 5
0.205909 5
0.171740 5
0.192512 5
0.179172 5
0.189483 5
0.326510 5
0.304372 5
0.059529 5
0.251600 5
0.096260 5
0.234051 5
0.366415 11
0.000071 36
0.002944 28
0.003738 54
0.001027 69
0.000359 8
0.000008 110
0.656765 28
0.181295 1
0.505793 1
0.004969 1
0.027234 1
0.045486 1
0.531976 15
0.214269 15
0.440141 15
0.196994 15
0.310396 15
0.282782 11
0.128736 11
0.186266 11
0.171399 11
0.097887 11
0.135902 11
0.177362 1
0.505567 1
0.004855 1
0.036122 1
0.034354 1
0.033581 1
0.034699 1
0.030579 1
0.031503 1
0.180982 1
0.177806 1
0.467509 5
0.203545 5
0.174347 5
0.182085 5
0.338076 5
0.249947 5
0.106539 5
0.173297 5
0.172229 5
0.146795 5
0.161131 5
0.371680 11
0.000044 36
0.002934 28
0.002402 54
0.000160 44
0.000049 25
0.000127 8
0.000078 110
4.481202 1
0.121429 1
0.187623 1
0.340901 1
0.337908 1
0.155797 1
0.542126 1
0.813123 1
0.217351 1
0.148917 1
0.600289 1
0.680634 1
0.244834 1
0.940981 1
0.185494 1
0.175198 1
0.345368 1
0.192937 1
1.010826 1
2.913649 1
0.504919 1
0.005251 1
0.034886 1
0.035521 1
0.034942 1
0.033556 1
0.032533 1
0.033707 1
0.033582 1
0.033081 1
0.030921 1
0.374924 5
0.171518 3
0.509859 3
0.018890 3
0.013609 3
0.029868 3
0.032612 3
0.042159 3
0.033196 3
0.031980 3
0.033355 3
0.031274 3
0.037302 3
0.032438 1
4.873122 1
0.135901 1
2.022697 4
0.190418 4
1.195673 1
0.092358 1
0.560753 1
0.100377 1
0.138737 1
0.200083 1
0.141708 1
0.246026 1
0.259833 1
0.301304 1
0.308504 1
0.174317 1
0.267111 11
0.000039 36
0.003098 114
0.000344 28
0.003973 54
0.000347 187
8.653097 32
0.193120 1
0.506898 1
0.004910 1
0.027778 1
0.028812 1
0.043205 1
0.034992 1
0.032941 1
0.033411 1
0.033609 1
0.031868 1
0.034236 1
0.035531 1
0.029148 1
0.029334 1
0.032124 1
0.040953 1
0.032586 1
0.031088 1
0.031690 1
0.032091 1
0.039830 1
0.282712 1
0.272566 1
0.451590 3
0.519480 3
0.502320 3
0.003324 3
0.035013 3
0.040864 3
0.034112 3
0.031532 3
0.035249 3
0.035261 3
0.031482 3
0.035162 3
0.031972 3
0.033892 3
0.030369 3
0.036215 3
0.035836 3
0.032287 3
0.032985 3
0.033499 3
0.033236 3
0.031772 3
0.031271 3
0.037602 3
0.033013 1
0.031177 1
0.036084 1
1.392293 1
0.192306 1
0.155752 1
0.211656 1
0.168006 1
0.101375 1
0.196410 1
0.618793 1
0.415450 1
0.116274 1
0.239999 1
0.212062 1
0.710145 1
1.832240 1
0.125931 1
0.276296 1
0.100879 1
0.158821 1
0.243124 1
0.172987 1
0.169422 1
0.244115 1
0.175701 1
0.346462 11
0.000625 36
0.002792 114
0.000753 28
0.002741 241
2.979423 55
0.261972 1
0.505900 1
0.004439 1
0.033171 1
0.038498 1
0.033189 1
0.033979 1
0.031287 1
0.032431 1
0.033023 1
0.033959 1
0.036090 1
0.031989 1
0.034316 1
0.031142 1
0.032210 1
0.029901 1
0.030612 1
0.043952 1
0.033763 1
0.029895 1
0.037276 1
0.031107 1
0.031550 1
0.038809 1
0.029731 1
0.032031 1
0.030238 1
0.031149 1
0.042016 1
0.030401 1
0.030454 1
0.038644 1
0.034111 1
0.030205 1
0.249797 1
0.228665 1
0.183594 3
0.348584 5
0.199622 5
0.201971 5
0.184387 5
0.911623 11
0.000071 36
0.003221 53
0.000845 57
0.000331 28
0.003391 54
0.000480 187
0.878713 51
0.334867 1
0.511209 1
0.005173 1
0.027597 1
0.035027 1
0.032085 1
0.034062 1
0.033660 1
0.033374 1
0.032032 1
0.034810 1
0.032197 1
0.032585 1
0.034257 1
0.033680 1
0.033622 1
0.032475 1
0.033564 1
0.036334 1
0.030588 1
0.034900 1
0.032275 1
0.030412 1
0.036769 1
0.033038 1
0.030570 1
0.035747 1
0.030636 1
0.031133 1
0.030231 1
0.040020 1
0.033088 1
0.031276 1
0.031838 1
0.037884 1
0.617930 1
0.231922 5
0.202748 5
0.185244 5
0.197195 5
0.193162 5
0.200281 5
0.419727 5
0.486511 47
0.003261 28
0.004548 241
0.960325 1
0.124837 1
1.096631 11
0.000061 36
0.006373 493
0.001133 28
0.002457 54
0.000255 44
0.000013 25
0.000486 118
7.633405 1
0.055427 1
0.236010 1
0.255835 1
0.215098 1
0.357106 47
0.005752 1594
0.000429 28
0.001546 54
0.000014 44
0.000009 25
0.000159 118
5.163670 1
0.152894 1
0.060882 1
1.724623 1
1.329818 4
0.244179 4
0.147999 4
0.172555 4
0.401558 1
0.088954 1
0.188657 1
0.776297 1
0.207246 47
0.008764 3
0.000707 28
0.002888 54
0.000067 69
0.000195 118
3.791975 1
0.130170 1
0.745550 1
0.892839 4
0.177451 4
0.183095 4
0.330942 1
0.132177 1
0.397683 1
0.200068 1
0.874250 11
0.000602 36
0.002145 28
0.002853 54
0.000286 44
0.000074 25
0.000171 8
0.000052 110
1.104277 4
0.239859 12
0.512487 3
0.548682 6
0.316512 46
0.493775 1
0.510317 1
0.005572 1
0.026031 1
0.029543 1
0.038429 1
0.037243 1
0.033802 1
0.032877 1
0.035033 1
0.030655 1
0.031285 1
0.033989 1
0.036177 1
0.034606 1
0.030983 1
0.032602 1
0.030721 1
0.040305 1
0.031643 1
0.030246 1
0.030558 1
0.040482 1
0.030730 1
0.029988 1
0.038676 1
0.033209 1
0.031220 1
0.034975 1
0.030221 1
0.030444 1
0.030328 1
0.037417 1
0.030115 1
0.030740 1
0.230590 1
0.620016 5
0.418874 9
0.217534 5
0.139389 5
0.301091 5
0.159699 5
0.519592 5
1.187032 5
0.185123 5
0.130095 5
0.476094 5
0.651557 5
0.126782 5
0.335173 5
0.446113 11
0.001301 36
0.001695 28
0.003067 54
0.000064 69
0.000512 118
4.861729 1
0.080701 1
0.236996 1
0.134526 1
0.235095 1
0.212968 47
0.007418 1615
0.000614 28
0.003285 54
0.000222 69
0.000167 118
6.203438 1
0.062030 1
0.208359 1
0.287583 1
0.416160 1
0.174307 1
0.235375 1
1.512595 1
0.236032 1
0.273754 1
0.282674 1
0.200969 1
0.172099 1
0.850097 1
0.173522 1
0.215058 1
0.347633 1
0.453663 1
0.315662 11
0.000636 36
0.002676 28
0.004085 54
0.000396 187
1.513903 18
0.222034 1
0.499738 1
0.004137 1
0.044941 1
0.033038 1
0.034688 1
0.032177 1
0.032922 1
0.034533 1
0.031652 1
0.251277 1
0.196257 23
0.324784 47
0.007655 19
0.000101 73
0.000761 28
0.002421 54
0.000147 44
0.000107 25
0.000161 118
0.993572 19
0.169905 1
0.507520 1
0.004306 1
0.027954 1
0.029402 1
0.034515 1
0.033314 1
0.029968 1
0.035400 1
0.035661 1
0.040471 1
0.544244 27
0.294588 1
0.418627 5
0.324247 11
0.000177 36
0.003929 39
0.002417 28
0.002648 131
0.000058 110
12.952797 1
0.111261 1
0.104745 1
0.345511 1
0.816779 1
1.375698 1
0.171625 1
0.376630 1
0.611553 3
0.390587 3
0.197011 3
0.264537 3
0.435749 3
0.289755 3
0.246526 3
0.152104 3
0.238977 3
0.199491 3
0.362101 3
0.811444 3
0.809053 1
0.382664 7
0.271202 3
0.286578 1
0.422154 1
0.144745 1
0.152064 1
0.915255 1
0.128520 1
0.235670 1
0.190591 1
0.219513 1
0.127963 1
0.362334 1
0.279677 1
0.319885 1
0.242285 1
0.203136 1
0.515340 75
0.001442 98
0.000048 25
0.000135 8
0.000042 110
0.933620 32
0.218050 1
0.449022 1
0.187997 1
0.182348 1
0.267350 1
0.847403 15
0.173476 15
0.196520 15
0.203306 15
0.240034 15
0.184167 15
0.510669 11
0.211484 11
0.362179 11
0.089655 11
0.270189 11
0.253875 1
0.506728 1
0.004378 1
0.032347 1
0.036490 1
0.034382 1
0.033548 1
0.030514 1
0.037284 1
0.034411 1
0.032461 1
0.370006 3
1.547204 5
0.125932 5
0.282453 3
0.514080 11
0.000073 36
0.000603 28
0.002502 123
0.000136 8
0.000010 110
2.689655 1
0.126916 1
0.215689 1
1.227956 1
0.270377 1
0.450525 1
0.568235 1
2.047512 1
0.199734 1
0.155810 1
0.396677 1
0.151519 1
0.204027 1
0.869811 1
0.296028 1
0.398279 1
0.145878 1
0.227499 1
0.214539 1
0.772004 1
0.131614 1
0.254325 1
0.492270 4
0.832245 1
0.279834 5
0.948120 1
0.133171 1
0.323174 4
0.417741 1
0.263570 5
0.389728 47
0.003051 28
0.003719 98
0.000068 25
0.000553 118
11.386965 1
0.062649 1
0.139231 1
1.828870 1
0.116113 1
0.130724 1
0.128413 1
0.743922 4
0.274254 1
4.258884 1
0.662525 1
0.327914 1
0.260636 1
0.244347 1
0.209690 1
1.224772 1
8.962450 4
0.500734 4
0.032727 4
0.034244 4
0.140275 4
0.199913 4
0.814210 1
0.093722 1
0.228417 1
0.315455 9
2.265315 1
0.089728 1
0.322156 6
0.477566 1
0.192863 1
0.840438 1
0.144143 1
0.209258 1
0.189579 1
0.250533 47
0.001501 28
0.002016 54
0.001533 187
1.540711 32
0.214699 1
0.499870 1
0.005976 1
0.027965 1
0.036311 1
0.450858 15
0.225113 15
0.170382 15
0.171935 15
0.159944 15
0.194575 15
0.337465 15
0.244722 11
0.097114 11
0.206986 11
0.100482 11
0.150983 11
0.120466 1
0.507296 1
0.004695 1
0.034598 1
0.032828 1
0.033394 1
0.030393 1
0.039745 1
0.194054 1
0.214579 1
0.289197 5
0.175003 5
0.169968 5
0.180600 5
0.170640 5
0.183075 5
0.320897 5
0.222645 5
0.072052 5
0.222766 5
0.101485 5
0.195568 5
0.344647 47
0.003275 28
0.003384 241
0.471592 28
0.199445 1
0.512719 1
0.006270 1
0.027248 1
0.028971 1
0.573071 15
0.185570 15
0.185426 15
0.178518 15
0.318070 15
0.289963 11
0.359724 15
0.271938 11
0.204122 11
0.220437 11
0.164133 11
0.159340 11
0.133449 11
0.180256 1
0.499687 1
0.003668 1
0.034693 1
0.034642 1
0.030598 1
0.035912 1
0.043761 1
0.158842 1
0.221390 1
0.172765 1
0.500535 5
0.180489 5
0.159283 5
0.183344 5
0.296974 5
0.346327 5
0.113507 5
0.234071 5
0.180890 5
0.168071 5
0.138843 5
0.409782 2
0.000077 9
0.000067 36
0.002170 28
0.002825 54
0.000688 44
0.000185 33
0.000012 110
3.308938 1
0.156054 1
0.168538 1
0.245901 1
0.644836 1
0.102360 1
0.380821 1
0.902237 1
0.231413 1
0.147087 1
0.840775 1
0.121147 1
0.206041 1
0.605178 1
0.681384 1
0.165517 1
0.584583 1
0.221497 1
0.814337 1
0.238074 1
0.109124 1
0.373020 1
0.697677 1
0.142624 1
0.500282 1
0.163443 1
2.074299 1
0.261321 5
1.634153 1
0.089048 1
0.240349 5
0.380558 1
0.184177 5
1.007477 1
0.066474 1
0.264682 4
0.691707 1
0.196935 5
0.882026 11
0.000068 36
0.003825 28
0.003233 54
0.000208 69
0.000344 118
2.690459 1
0.139829 1
0.168282 1
1.117583 1
1.122988 1
0.403474 1
0.425782 1
0.908597 1
0.166120 1
0.161744 1
0.208328 1
0.491580 4
0.211742 1
0.357221 3
0.488697 1
0.306724 5
0.900658 1
0.180978 1
0.313527 1
0.728555 3
2.021688 1
0.363658 5
0.234147 1
0.501557 1
0.004353 1
0.028341 1
0.031906 1
0.038824 1
0.038678 1
0.033175 1
0.033220 1
0.037842 1
0.032639 1
0.034302 1
0.033689 1
0.031069 1
0.034050 1
0.035980 1
0.033242 1
0.031532 1
0.033649 1
0.034333 1
0.032108 1
0.032707 1
0.031776 1
0.035588 1
0.317410 5
0.339005 47
0.001997 28
0.005039 54
0.000345 44
0.000061 25
0.000872 8
0.000012 110
2.653186 1
0.114050 1
0.230493 1
0.876000 4
0.187019 4
0.175671 4
0.161008 1
0.413249 1
0.127355 1
0.146591 1
0.808568 1
0.891518 1
0.193778 1
0.358570 1
1.668876 1
0.234631 1
0.214081 1
0.361863 1
0.130346 1
0.176127 1
0.374556 1
0.359980 1
0.268079 1
0.181697 1
0.196441 1
0.487704 47
0.002232 12
0.000352 91
0.000759 28
0.003601 54
0.000225 69
0.000997 118
105.964040 1
0.068345 1
0.634990 4
0.663024 1
0.154036 1
1.153034 1
0.130136 1
0.105631 1
0.550532 1
0.454161 1
1.232860 1
0.077886 1
0.207073 10
1.088452 1
0.085888 1
0.216798 6
0.526663 1
0.142081 1
0.879930 1
0.157579 1
0.252095 1
0.174634 1
0.241742 47
0.003346 28
0.004747 241
1.434333 1
0.100084 1
0.092415 1
0.244105 1
0.085744 1
0.130068 3
1.284524 1
0.067523 1
0.177891 9
1.099600 1
0.079530 1
0.138882 5
0.381451 1
0.884882 1
0.323425 1
0.222500 1
0.214265 1
0.241217 47
0.001886 28
0.002450 54
0.001144 77
0.000780 110
0.867151 1
0.121340 1
0.090884 1
0.188789 1
0.113333 1
0.077053 1
0.136053 1
0.380101 1
1.112315 1
0.151654 1
0.291879 4
0.186353 4
0.183783 1
0.085979 1
0.175183 8
1.170955 1
0.135147 1
0.369656 4
0.656948 1
0.566016 1
0.146932 1
0.235070 1
0.234774 1
0.742397 47
0.002504 28
0.005553 241
1.937285 1
0.125418 1
0.205313 1
0.214104 1
0.090940 1
0.197815 1
0.988764 1
0.235928 1
0.153751 1
0.133523 1
1.139298 1
0.086154 1
0.564380 1
0.066002 1
0.419807 1
0.221046 1
0.134756 1
1.007525 1
0.121548 1
0.536511 1
0.292402 1
0.227941 1
0.384370 47
0.001758 28
0.002859 54
0.000325 69
0.000158 8
0.000012 110
2.949921 1
0.101317 1
0.286337 1
0.625653 1
0.197978 1
0.112772 1
0.207683 11
0.001394 36
0.008597 11
0.000675 2142
0.000228 28
0.003813 98
0.000081 25
0.000211 118
5.972812 1
0.117485 1
0.203020 1
0.142224 1
0.198957 1
0.928797 1
0.210407 1
0.009949 1
0.688276 4
0.693883 1
0.299750 1
0.133015 1
0.328002 1
0.141225 1
0.182714 1
0.434376 1
0.843573 1
0.162218 1
0.140497 1
0.194983 1
0.203070 1
0.565044 1
0.149519 1
0.272123 1
1.212560 5
0.526082 1
0.230124 5
1.226974 1
0.126496 1
0.293021 5
0.895863 1
0.429429 5
1.370470 1
0.105036 1
0.237392 4
0.535612 1
0.246772 5
1.306198 11
0.000726 36
0.002656 28
0.002397 54
0.000460 187
2.768267 1
0.242304 1
0.401018 1
0.168295 1
0.089993 1
0.388865 4
0.187584 4
0.178486 4
0.157378 4
0.389918 1
0.192226 1
0.216374 1
0.165938 1
0.734555 1
0.154628 1
0.125874 1
0.124179 1
0.124671 1
0.079000 1
0.130700 1
0.312710 47
0.346231 2
6.274582 1
0.119822 1
0.224449 1
0.230733 1
0.131399 1
2.109628 1
0.164884 1
0.324857 1
1.795182 1
3.760060 1
0.461734 1
0.366620 1
0.195248 1
0.225901 1
7.002121 1
0.191922 1
0.743547 7
0.596942 1
0.213276 1
0.174525 1
0.160703 1
1.591293 2
0.002356 101
0.000033 2
15.071144 2
0.000101 2
0.000033 2
0.692163 2
0.013854 30
0.010051 241
2.058531 1
0.146614 1
0.180660 1
0.655662 4
0.210393 4
0.162201 4
0.364404 1
0.123227 1
0.134828 1
0.048097 1
0.213147 1
0.105194 1
0.116435 11
0.000920 36
0.008209 2222
0.001179 28
0.004572 241
4.640054 1
0.148153 1
0.198073 1
0.222525 1
0.353182 1
0.387332 1
0.154709 1
0.208392 1
0.225917 1
0.081659 1
0.097856 1
0.118249 1
0.760679 47
0.805234 1
0.083093 2
0.021144 1
0.212637 1
0.569502 3
0.174031 3
0.249957 3
0.392083 1
0.077353 1
0.684373 1
0.595036 2
0.000074 15
0.000053 2
3.288855 1
0.109597 1
0.198365 1
0.880318 3
0.185350 3
0.183972 3
0.820603 2
0.045650 28
0.003664 54
0.000316 69
0.000008 8
0.000126 110
1.612648 1
0.093800 1
0.094209 1
1.806072 4
0.214363 4
1.161118 1
0.137401 1
0.176551 1
0.142939 1
0.336616 1
0.753773 1
0.207768 3
0.552253 1
0.215263 5
2.546455 1
0.358899 1
0.106017 1
0.194240 1
0.108422 1
0.172857 1
0.436345 4
0.239531 1
0.542381 1
0.140370 1
0.099261 1
0.122261 1
0.108215 1
0.013347 1
0.198441 1
1.198888 1
0.509754 1
0.002963 1
0.036095 1
0.028300 1
0.031541 1
0.030378 1
0.040519 1
0.031579 1
0.039723 1
0.029959 1
0.030207 1
0.030349 1
0.043036 1
0.034391 1
0.030788 1
0.034137 1
0.031344 1
0.034718 1
0.034385 1
0.031352 1
0.036286 1
0.029010 1
0.030612 1
0.038450 1
0.030304 1
0.031145 1
0.035689 1
0.029156 1
0.032179 1
0.032685 1
0.029835 1
0.031383 1
0.208704 5
0.094972 5
0.121315 5
0.093673 5
0.115551 5
0.510297 11
0.000271 36
0.021018 31
1.694939 2
0.017496 28
0.001634 98
0.000033 25
0.000078 8
0.000021 110
1.822486 1
0.092123 1
0.168037 1
0.151947 1
0.110254 1
0.139694 1
0.208159 1
0.154009 1
0.097880 1
0.101465 1
0.062230 1
0.134006 1
0.211687 47
0.609332 2
3.515563 1
0.128456 1
0.189119 1
0.160748 1
0.187419 1
0.392987 1
0.685046 1
0.159939 1
0.146451 1
7.175896 1
0.109623 1
0.432251 1
0.148330 1
0.511720 1
0.433793 1
0.368452 1
0.647804 1
0.147418 1
0.132443 1
0.241536 2
0.002445 2
1.309327 1
0.094255 1
0.165478 1
0.248802 1
0.416545 1
0.320777 2
0.002815 9
0.000153 362
0.000156 2
26.963654 1
0.030066 1
0.201307 1
0.989166 1
0.377042 1
0.099883 1
0.190263 1
0.087446 1
0.202853 1
0.806811 1
0.180916 1
0.227473 1
0.119026 1
0.446173 1
0.394407 1
0.302736 1
0.164659 1
0.605973 6
0.497912 1
0.234743 1
0.170731 1
0.310699 1
0.221638 1
0.164294 1
0.267884 1
0.245547 1
0.224170 2
0.000177 49
4.046170 2
0.044117 28
0.003614 54
0.000595 187
5.458052 1
0.130720 1
0.127112 1
0.682736 1
0.172120 1
0.446629 1
0.170601 1
0.401985 1
1.276153 1
0.061805 1
0.265437 10
1.012535 1
0.090742 1
0.326990 1
0.303593 5
0.468703 1
0.204285 1
0.330739 1
0.175617 1
0.247976 1
0.211163 1
0.323413 47
0.003149 28
0.002584 54
0.000446 187
0.926643 1
0.108026 1
0.076022 1
0.200138 1
0.116083 1
0.096133 1
0.150772 1
0.342880 1
0.678833 1
0.096529 1
0.399918 9
0.786392 1
0.119706 1
0.211043 1
0.173095 1
0.176095 1
0.148648 1
0.422401 1
0.261897 1
0.273051 1
0.173991 1
0.245569 1
0.200730 1
0.314207 47
0.002579 28
0.003638 54
0.000240 69
0.000587 118
0.902382 1
0.123939 1
0.110725 1
0.338882 1
0.112135 1
0.114226 1
0.701022 1
0.682404 1
1.396760 1
0.097206 1
0.252771 1
0.107770 1
0.160759 1
0.637567 1
0.157812 1
0.251624 1
0.184792 1
0.581884 1
0.153445 1
0.063836 1
0.413243 1
0.088105 1
0.425021 1
0.310651 1
0.209099 1
0.317309 1
0.237936 1
0.200117 1
1.035576 47
0.002667 28
0.004558 241
1.930759 1
0.149018 1
0.172548 1
1.022449 1
0.471536 1
3.910379 1
0.540078 1
0.357619 1
3.792960 1
0.244546 1
0.135763 1
0.587618 1
0.160894 1
0.179811 1
0.423618 1
0.332961 1
0.157562 1
0.410558 1
0.283316 1
0.242181 1
0.395841 1
0.010084 1
0.482387 4
0.189657 1
1.012233 1
0.151922 1
0.103730 1
0.305880 1
0.310982 5
0.507040 1
0.240677 5
1.094011 1
0.092010 1
0.261190 5
0.354642 1
0.218607 5
1.162982 1
0.094262 1
0.238902 4
0.461399 1
0.281209 5
0.542868 11
0.000087 36
0.009844 28
0.004409 54
0.000360 69
0.000248 118
6.225392 1
0.017847 1
0.466786 1
0.095382 1
0.125039 1
0.391152 1
0.164214 1
0.108283 1
0.206651 1
0.445316 1
0.250280 1
0.091023 1
0.166325 1
0.330297 11
0.000816 36
0.005383 28
0.004504 54
0.000185 44
0.000029 25
0.000088 8
0.000024 110
1.590083 1
0.119807 1
0.076902 1
2.597294 1
0.191631 1
0.351867 1
0.216803 1
0.361342 1
1.200500 1
0.282553 8
1.954768 1
0.135579 1
0.167652 1
1.350577 1
0.542515 1
0.301126 3
0.509164 11
0.000082 36
0.008443 28
0.004351 241
3.118672 1
0.103921 1
0.264244 1
0.614536 1
0.134784 1
0.198505 1
0.416137 1
0.238222 1
0.117478 1
0.326173 1
0.245874 4
0.186947 4
0.335002 1
0.173104 1
0.239793 11
0.000037 36
0.000589 28
0.002491 62
0.000177 77
0.000252 134
0.383368 1
0.077016 1
0.180615 1
0.682692 4
0.249779 11
0.000014 36
0.006374 31
0.000956 28
0.003831 273
1.965003 1
0.118968 1
0.204896 1
0.574372 1
0.129947 1
0.766592 1
2.089263 1
0.241058 1
2.838962 1
0.203944 1
0.181966 1
0.235933 1
1.400962 1
0.268652 1
0.812157 1
0.317182 8
0.326068 47
0.003986 27
0.000225 12
0.003501 28
0.003275 273
1.099846 23
0.143368 1
0.504304 1
0.007287 1
0.025029 1
0.029954 1
0.038562 1
0.043831 1
0.034844 1
0.031692 1
0.034000 1
0.031908 1
0.034818 1
0.035334 1
0.031610 1
0.033221 1
0.034981 1
0.276179 1
0.211166 5
0.285640 47
0.004051 123
0.002233 60
0.000717 28
0.003002 147
0.000017 126
1.222582 24
0.189514 1
0.511179 1
0.004405 1
0.030786 1
0.030723 1
0.032596 1
0.029445 1
0.030547 1
0.038480 1
0.043277 1
0.032598 1
0.033081 1
0.034394 1
0.031098 1
0.030735 1
1.194203 1
0.703272 1
0.333962 1
0.333392 3
0.278401 5
0.385253 3
0.501375 3
0.004288 3
0.028887 3
0.034043 3
0.041844 3
0.036800 3
0.033774 3
0.031044 3
0.030589 3
0.035228 3
0.029941 3
0.039484 3
0.032103 3
0.034478 3
0.029605 3
0.289534 47
0.004036 27
0.000020 12
0.001152 28
0.005016 62
0.000095 52
0.000081 25
0.000232 8
0.000014 126
2.668842 1
0.158012 1
0.137659 1
0.189638 1
0.136305 1
0.350664 1
1.738153 1
0.281632 1
0.414890 1
0.171151 1
0.287856 4
0.160082 4
0.123381 1
1.046625 1
0.238079 1
0.159680 1
0.262350 12
0.433957 2
0.000008 9
0.000160 36
0.009249 28
0.003052 62
0.000211 52
0.000013 25
0.000209 134
3.335262 1
0.072351 1
0.142111 1
0.167367 1
0.161087 1
0.198778 75
0.002003 241
1.559854 1
0.081167 1
0.350247 1
0.100312 1
0.097721 1
0.220356 1
0.215521 1
0.135180 1
0.234279 1
0.539086 1
0.448544 1
0.166222 1
0.092734 1
0.327246 1
0.632123 11
0.000088 36
0.005721 28
0.002813 241
2.201070 1
0.163590 1
0.123929 1
0.314236 1
0.192349 1
0.156423 1
0.731972 1
0.353571 1
0.982033 1
0.345788 1
0.156033 1
0.140233 1
0.543709 1
0.473979 4
0.344154 1
0.187497 1
0.120604 1
0.125534 1
0.893976 1
0.196210 1
0.194819 1
0.280011 12
2.032199 1
0.356417 1
3.469011 1
0.199967 1
0.066661 1
0.275160 1
0.141825 1
0.143132 1
1.024929 1
0.447980 1
0.068789 1
0.184239 1
0.420201 1
0.270008 11
0.000727 36
0.009273 28
0.002856 241
0.829547 1
0.089709 1
0.161699 1
0.010049 1
0.237704 1
0.158237 1
0.388722 1
0.134296 1
0.302222 1
0.251137 5
0.310994 11
0.000057 36
0.011664 253
0.001087 28
0.003649 54
0.000173 69
0.000395 118
0.719179 13
0.578887 1
0.518397 11
0.000082 36
0.009864 179
0.000677 28
0.004472 54
0.000186 69
0.000628 118
11.974923 1
0.000157 1
0.492886 1
0.120220 1
0.085523 1
0.188420 1
0.802793 1
0.077599 1
0.117910 1
0.130408 1
0.930878 1
0.543169 1
0.139799 1
0.184602 1
0.089173 1
0.106173 1
0.243500 1
1.920915 11
0.000083 36
0.005928 28
0.003759 54
0.000313 44
0.000067 25
0.000215 8
0.000069 110
0.721213 1
0.080077 1
0.221519 1
0.073519 1
0.125623 1
2.420827 1
0.212144 1
0.129596 1
0.081056 1
0.646946 1
0.984836 1
0.401506 1
0.104133 1
0.186160 1
0.096349 1
0.109074 1
0.469921 1
0.461475 1
1.164427 1
0.260181 1
0.357787 4
0.178020 1
0.276943 1
0.130256 1
0.179159 1
0.167740 1
0.452265 11
0.000608 36
0.012617 28
0.005274 54
0.000264 44
0.000080 25
0.000230 118
3.256401 1
0.124205 1
0.506655 11
0.002284 36
0.006094 172
0.000230 603
0.000482 28
0.004520 54
0.000394 69
0.000114 8
0.000035 110
4.562603 1
0.187145 1
0.086108 1
0.575437 1
0.491816 1
0.370809 1
0.153345 1
0.699043 1
0.603777 3
0.631203 3
0.093394 3
0.226401 3
0.172165 3
0.871303 3
0.350489 3
0.199992 3
0.217780 3
0.667160 3
0.265862 3
0.096039 3
0.196183 3
0.111518 3
0.335267 3
0.625816 1
0.550728 1
0.269025 1
0.307163 1
0.106229 1
0.095900 1
0.113660 1
0.974579 1
0.521522 1
0.099033 1
0.170746 1
0.151770 4
1.348280 1
0.144957 1
0.108053 1
0.618618 4
0.220463 1
0.090427 1
0.704275 1
0.201445 1
0.747822 4
0.828931 1
0.107001 1
0.183963 1
0.290611 1
1.085754 11
0.000367 36
0.000012 28
0.003161 241
1.866168 1
0.199062 1
0.106308 1
0.298255 1
0.706459 1
0.492649 77
0.002576 98
0.000069 25
0.000177 8
0.000043 110
0.151775 11
0.000738 28
0.001929 54
0.000134 44
0.000030 25
0.000092 8
0.000020 110
1.139463 1
0.171674 1
0.054005 1
0.432241 1
0.586829 1
0.294555 1
0.134783 1
0.321209 1
1.845309 3
0.323509 3
0.165034 3
0.164793 3
0.454630 3
0.222951 3
2.124220 3
0.418688 1
0.333849 1
0.201936 1
0.416053 1
0.128494 1
0.057068 1
0.118465 1
0.511579 1
0.826845 1
0.112241 1
0.175747 1
0.099488 1
0.113426 1
0.340346 1
0.481790 1
1.979765 1
0.103375 1
0.186104 1
0.162058 1
0.455109 1
0.093538 1
1.151514 1
0.237328 1
0.130216 1
0.237700 11
0.000343 36
0.000017 28
0.002831 54
0.000263 44
0.000065 25
0.000195 8
0.000051 110
2.343814 1
0.162194 1
0.092342 1
0.247066 1
0.142831 1
0.355720 1
0.580058 1
0.168565 1
0.191330 1
0.162272 1
0.129554 1
0.142369 1
1.250494 1
0.403520 1
0.244026 1
0.277868 1
0.292154 4
0.187676 4
0.602004 1
0.228966 1
1.146449 1
0.101525 1
0.117873 1
0.092600 1
0.515096 4
0.104854 1
0.899168 1
0.710451 1
0.114705 1
0.286753 4
0.922150 1
0.213903 1
0.129121 1
0.098876 1
0.347818 1
0.873200 1
0.368836 1
0.099067 1
0.248735 1
0.223637 1
0.148514 1
0.134087 1
0.279659 1
0.483764 1
0.242382 1
0.323938 1
0.530548 75
0.002854 241
13.402247 1
0.147926 1
0.118567 1
0.298069 1
2.632772 1
0.414317 1
0.173190 1
0.458184 1
0.467661 3
0.676131 3
0.244437 3
0.747008 3
0.151827 3
0.140506 3
0.241361 3
0.172310 3
0.908338 3
0.081195 3
0.226880 3
0.135602 3
0.449229 3
0.343402 1
0.372151 1
0.275731 1
0.455686 1
0.080365 1
0.130896 1
0.136654 1
0.483417 4
0.150920 1
0.599241 1
0.610308 1
0.299775 1
0.336523 4
0.251754 1
0.247977 1
0.675729 1
0.090683 1
0.319425 1
2.178487 1
0.314095 1
0.252143 1
0.159862 1
0.298481 4
1.537754 1
0.085679 1
0.194025 1
0.347230 1
0.137259 1
0.369298 1
0.195381 1
0.508342 4
0.314041 1
0.099163 1
0.148092 1
0.209775 1
0.444418 75
0.002349 98
0.000061 25
0.000193 8
0.000042 110
1.737867 1
0.168154 1
0.114300 1
0.696494 1
0.150100 1
0.317587 1
0.515339 1
0.376303 1
0.210330 1
0.154338 1
0.233493 1
0.208460 1
0.138118 1
0.252577 1
0.640696 1
0.352651 1
0.765122 1
0.647465 1
0.312070 1
0.049686 1
0.170157 1
0.336775 2
0.930912 1
0.103301 1
0.124747 5
0.920899 1
0.226476 1
0.093710 5
1.554014 1
0.239979 1
0.207692 1
0.125867 1
0.236040 1
1.142508 1
0.222164 1
0.302457 1
0.186728 1
0.804969 75
0.002627 54
0.000332 69
0.000176 118
4.080253 1
0.161519 1
0.188654 1
0.812382 1
0.167372 1
0.149682 1
0.380313 4
0.338304 1
0.205783 1
0.224761 1
0.984043 1
0.317383 1
0.119472 1
0.204997 1
0.095037 1
0.102018 1
0.264186 1
0.548548 1
0.225743 1
0.137914 1
0.149503 1
0.262613 1
0.468199 1
0.209295 1
0.918432 1
0.271962 1
0.414531 1
0.255340 1
0.486242 1
0.079404 1
0.240471 1
0.671828 1
0.666271 1
0.232780 1
0.118258 1
0.211482 1
0.135350 1
0.129063 1
0.303628 1
4.259326 1
0.493737 1
0.152162 1
0.740008 1
0.199661 1
0.280383 1
0.266720 1
0.259200 1
0.126195 1
0.093894 1
1.040415 1
0.634600 1
0.256857 1
0.150127 1
0.114060 1
0.119533 1
0.094083 1
0.432895 11
0.000133 36
0.009751 131
0.003473 54
0.000387 69
0.000178 118
2.101251 54
0.166286 1
0.508970 1
0.005482 1
0.031926 1
0.031960 1
0.033545 1
0.032865 1
0.034253 1
0.255632 3
0.924141 15
2.921704 15
0.093883 15
0.167453 15
0.097742 15
0.087758 15
0.242745 15
0.364410 11
0.000039 36
0.003365 224
0.005562 5
0.002499 52
0.001910 28
0.004324 54
0.000316 44
0.000034 25
0.000369 118
8.896867 61
0.619286 4
0.742724 4
0.511904 4
0.004950 4
0.034074 4
0.032565 4
0.031929 4
0.031228 4
0.035316 4
0.032320 4
0.034544 4
0.032664 4
0.034507 4
0.032534 4
0.034678 4
0.032441 4
0.033536 4
0.033327 4
0.034039 4
0.032533 4
0.034566 4
0.032984 4
0.286164 4
0.195236 4
0.494107 1
0.505724 1
0.004870 1
0.029965 1
0.032454 1
0.036287 1
0.039198 1
0.033474 1
0.031560 1
0.035668 1
0.034387 1
0.030500 1
0.032159 1
0.030829 1
0.033882 1
0.040503 1
0.033034 1
0.034424 1
0.033622 1
0.032449 1
0.032150 1
0.035797 1
0.033368 1
0.034723 1
0.032817 1
0.031527 1
0.031093 1
0.037876 1
0.031226 1
0.030484 1
0.272788 3
0.628361 9
0.274249 5
0.153845 5
0.557127 5
0.243312 5
0.415973 5
0.450564 5
0.251629 5
0.127156 5
0.084495 5
0.172454 9
3.893409 5
0.069598 5
0.199430 5
0.199510 5
0.091085 5
0.299531 5
0.290809 5
0.734259 5
0.342439 5
0.129201 5
0.118439 5
0.142592 5
0.098141 5
0.317463 3
0.719128 11
0.000082 36
0.003264 60
0.003788 57
0.001184 28
0.005248 54
0.000670 44
0.000182 25
0.000213 118
3.541315 61
0.407555 1
0.502193 1
0.006538 1
0.027804 1
0.040856 1
0.036004 1
0.035360 1
0.033185 1
0.032782 1
0.034075 1
0.036123 1
0.031083 1
0.030662 1
0.036664 1
0.033910 1
0.030517 1
0.036908 1
0.031205 1
0.032283 1
0.034168 1
0.030927 1
0.032965 1
0.035228 1
0.030846 1
0.031629 1
0.033892 1
0.031415 1
0.037915 1
0.288013 1
0.373861 1
0.000094 5
1.408926 5
14.493204 5
0.507080 5
0.004214 5
0.034151 5
0.031840 5
0.035102 5
0.034597 5
0.030776 5
0.030240 5
0.043494 5
0.030657 5
0.035577 5
0.032727 5
0.032936 5
0.034297 5
0.033184 5
0.030859 5
0.034539 5
0.031691 5
0.032841 5
0.036562 5
0.033117 5
0.343960 5
0.381483 5
0.432096 3
0.506209 3
0.003940 3
0.038662 3
0.034346 3
0.032055 3
0.033811 3
0.033551 3
0.032645 3
0.029852 3
0.033979 3
0.030969 3
0.262639 3
0.499636 3
0.644180 9
0.187334 5
0.148924 5
0.148480 5
0.226787 5
0.414082 5
0.593126 5
0.292960 5
0.091882 5
0.084617 5
0.125385 9
2.461253 5
0.124122 5
0.164486 5
0.071886 5
0.086106 5
0.247047 5
0.455520 5
0.624955 5
0.260019 5
0.101515 5
0.131698 5
0.709513 5
0.079658 5
0.762211 3
0.649271 47
0.007210 28
0.003801 241
7.881743 61
2.637344 1
0.513864 1
0.004294 1
0.029126 1
0.028859 1
0.037215 1
0.034892 1
0.033997 1
0.032687 1
0.032386 1
0.034141 1
0.033012 1
0.032693 1
0.033881 1
0.032136 1
0.034424 1
0.032997 1
0.030972 1
0.039882 1
0.028601 1
0.033582 1
0.030998 1
0.031239 1
0.037937 1
0.031069 1
0.031834 1
0.032008 1
0.030563 1
0.041816 1
0.031572 1
0.031077 1
0.036843 1
0.035245 1
0.030515 1
0.034227 1
0.030579 1
0.036779 1
0.034367 1
0.035149 1
0.030848 1
0.033665 1
0.032892 1
0.033638 1
0.033089 1
0.033948 1
0.033110 1
0.033037 1
0.474570 3
0.589709 5
0.368954 5
0.246335 5
0.722072 5
0.311692 5
0.311066 5
0.147345 5
0.071527 5
2.135977 5
0.297927 5
0.114156 5
0.182047 5
0.129865 246
0.943610 3
0.504540 3
0.003775 3
0.028257 3
0.035326 3
0.036117 3
0.038804 3
0.032884 3
0.032106 3
0.035225 3
0.030685 3
0.031182 3
0.038112 3
0.033155 3
0.034577 3
0.032234 3
0.030884 3
0.033004 3
3.370114 3
0.505138 3
0.003727 3
0.035823 3
0.033305 3
0.037781 3
0.031675 3
0.034975 3
0.034277 3
0.030065 3
0.033877 3
0.195488 3
0.207923 3
0.339250 5
0.003034 2
0.000027 301
0.202588 5
0.181800 5
0.190805 5
0.171264 5
0.322310 5
0.190014 5
0.116577 5
0.148167 5
0.118626 5
0.237521 5
0.787772 308
0.144602 310
0.132837 313
0.204351 316
3.176827 3
0.503806 3
0.004155 3
0.041389 3
0.032354 3
0.031477 3
0.035057 3
0.031780 3
0.032560 3
0.394778 50
0.008268 28
0.003226 54
0.000391 77
0.000012 110
16.203733 1
0.012386 1
0.185081 1
0.108934 1
0.129164 1
1.163161 1
0.210414 1
0.301769 1
0.159070 1
0.248279 1
0.248581 1
0.199332 1
0.117690 1
0.622566 1
0.344356 1
0.132639 1
0.314372 4
0.111783 1
0.520842 11
0.000541 36
0.004724 28
0.004798 54
0.000571 77
0.000029 110
2.323103 1
0.067633 1
0.256396 1
0.470270 1
0.312854 10
0.411212 11
0.000757 36
0.000027 28
0.002986 65
0.000048 80
0.000292 140
1.964506 1
0.482517 1
0.096128 1
0.740546 1
0.135948 1
0.155769 1
0.110168 1
0.188500 1
0.423388 1
0.291889 1
0.056264 1
0.273593 1
0.172162 3
0.312245 3
0.174331 3
0.913554 3
0.428892 3
0.535017 1
0.585776 1
0.247792 1
0.110875 1
0.151194 1
0.286621 1
0.136309 1
0.341286 1
0.244550 1
0.476045 1
0.200264 1
0.375866 1
0.263615 1
0.836029 1
0.136366 1
0.359343 1
0.467854 1
0.722306 1
0.176051 1
0.090566 1
0.245270 1
0.306482 1
0.936022 1
0.209185 1
0.157103 6
1.558757 1
0.196475 1
0.194131 1
0.104491 1
0.693660 1
0.104183 1
2.516851 1
0.624572 1
1.910180 4
0.162346 4
0.811120 1
0.462790 1
1.417953 1
0.169797 1
0.245935 1
0.215638 1
0.560088 1
0.235834 1
0.230033 1
0.066959 1
0.253634 1
0.165934 3
0.626743 348
0.000017 9
0.000566 36
0.132470 28
0.001740 285
2.554883 65
0.243437 342
0.508661 1
0.011554 1
0.021669 1
0.032961 1
0.038322 1
0.033529 1
0.034299 1
0.034410 1
0.031948 1
0.033646 1
0.031813 1
0.033116 1
0.034060 1
0.032338 1
0.032638 1
0.031700 1
0.036392 1
0.032965 1
0.031723 1
0.035482 1
0.033405 1
0.030329 1
0.033586 1
0.037942 1
0.033195 1
0.032564 1
0.031002 1
0.030012 1
0.037249 1
0.031300 1
0.038015 1
0.033460 1
0.030702 1
0.035774 1
0.035047 1
0.030871 1
0.030882 1
0.038003 1
0.841413 1
0.219292 3
0.187967 3
0.506460 3
0.005814 3
0.030964 3
0.035341 3
0.033583 3
0.478545 254
0.303625 3
0.509664 3
0.004037 3
0.031974 3
0.028889 3
0.030935 3
0.031177 3
0.042909 3
0.031790 3
0.036526 3
0.030109 3
0.034277 3
0.036093 3
0.033872 3
0.030539 3
0.030702 3
0.031350 3
0.041650 3
0.032615 3
0.030098 3
0.030659 3
0.034338 3
0.316201 1
0.404175 5
0.197309 5
0.176299 5
0.198598 5
0.555724 5
0.083172 5
0.133937 5
1.034438 47
0.030271 28
0.001736 65
0.000120 55
0.000028 25
0.000086 8
0.000021 132
2.421025 1
0.106233 1
0.371680 1
0.315142 1
0.860455 1
0.116061 1
0.374974 1
0.888468 1
0.243230 1
0.212559 1
0.085291 1
1.188698 1
0.758412 1
0.141005 1
0.910699 1
0.452006 1
0.133807 1
0.460548 1
0.146054 1
0.433833 1
0.977196 1
0.196529 1
0.293305 1
0.242004 1
2.669863 11
0.007925 36
0.035578 53
0.000231 28
0.001889 145
0.000226 140
1.617014 1
0.113275 1
0.242891 1
2.197296 4
0.508032 4
0.005325 4
0.039638 1
0.030362 1
0.036453 1
0.033668 1
0.029572 1
0.036343 1
0.033694 1
0.030269 1
0.031836 1
0.040000 1
0.029539 1
0.030120 1
0.031040 1
0.033075 1
0.031411 1
0.823010 1
0.082062 1
0.157954 1
0.180966 1
0.143962 1
0.390733 75
0.005268 241
0.699552 1
0.160321 1
0.219786 1
0.216547 1
0.550222 1
0.272147 1
0.253245 9
1.622401 1
0.080014 1
0.199974 1
0.144073 1
0.387797 1
0.378825 1
0.247470 1
0.223512 1
1.111619 11
0.000045 36
0.002032 52
0.000079 28
0.001804 54
0.000347 44
0.000083 25
0.000194 8
0.000043 110
1.813630 22
0.188669 1
0.504852 1
0.006157 1
0.027112 1
0.029224 1
0.402795 3
0.336253 9
0.354668 47
3.219291 28
0.001586 54
0.000144 44
0.000032 25
0.000126 8
0.000032 110
20.458487 1
0.141999 1
0.204898 1
0.638674 1
0.253670 1
1.444695 1
0.340745 1
0.501036 1
1.309568 1
0.125361 1
0.228640 1
0.303715 9
1.926059 4
0.388220 4
1.376914 1
0.529684 1
0.214186 1
0.120490 1
0.173111 1
0.175853 1
1.525437 1
0.115334 1
0.386939 1
0.194999 1
0.226262 1
0.241012 9
0.524310 47
9.202741 28
0.001363 98
0.000027 25
0.000085 8
0.000021 110
8.148527 1
0.144431 1
0.528558 1
0.471845 1
0.085907 1
0.415815 1
1.635644 1
0.774574 1
0.974332 1
0.703465 1
0.324046 1
0.692207 4
0.131679 1
0.824407 1
1.772124 1
0.275442 1
0.135616 1
0.193648 1
0.679099 1
0.345411 1
0.269158 1
0.384496 1
0.472976 1
0.350647 1
0.578429 1
0.251191 1
0.361372 1
0.155489 1
0.292493 1
0.233846 1
0.107378 1
1.612817 1
0.216526 1
0.285430 1
0.440411 1
0.805183 1
0.146291 1
0.166386 1
0.139831 1
0.217649 1
0.194180 1
0.149458 1
0.526787 1
1.584768 1
0.148739 1
0.129789 1
0.142159 1
0.184495 1
0.475292 1
0.137988 1
1.035221 1
0.261285 1
0.249863 1
0.132560 1
0.170014 1
0.206106 1
0.190472 1
0.106617 1
0.376594 1
0.394225 1
0.233343 1
0.410753 4
0.179050 4
0.146179 4
0.426626 1
0.172172 1
0.070735 1
0.659054 47
9.168143 28
0.000897 54
0.000069 44
0.000015 25
0.000078 118
6.165930 1
0.065931 1
0.168755 1
1.126013 1
0.170368 1
0.767628 1
0.277659 1
0.184891 1
0.433332 4
0.134203 1
0.543942 4
0.183210 4
0.317144 4
0.363284 1
0.346158 1
0.393751 1
1.160179 1
0.259764 1
0.182173 1
0.067367 1
0.749873 4
0.173107 4
0.174209 4
0.179572 1
0.071521 1
0.372764 1
0.089541 1
1.222118 1
0.482181 1
0.213984 1
0.230246 1
0.326114 1
1.252485 1
0.179972 1
0.119217 1
0.165571 1
0.152357 1
0.400309 1
0.120540 1
2.091862 1
0.161437 1
0.279934 1
0.109764 1
0.138615 1
0.246436 1
0.205283 1
0.101227 1
1.008379 1
0.919342 1
0.113448 1
0.188943 1
0.888435 1
0.670719 1
1.360022 1
0.636955 1
0.138418 1
0.268468 47
0.002942 63
0.007435 57
0.001216 28
0.002608 54
0.000229 44
0.000012 25
0.000187 8
0.000012 110
3.482388 1
0.088113 1
0.216562 1
0.081472 1
0.252415 1
1.245683 4
0.510441 4
0.005494 4
0.026812 4
0.043887 4
0.032086 1
0.031303 1
0.032256 1
0.031659 1
0.030970 1
0.034706 1
0.033562 1
0.363397 42
0.349176 1
0.502854 1
0.006128 1
0.029680 1
0.028883 1
0.034474 1
1.231270 1
0.501112 2
0.030235 1
0.031537 1
0.031826 1
0.029620 1
0.030600 1
0.030218 1
0.702459 1
0.532421 33
0.082012 33
0.272860 3
0.386488 11
0.000768 36
0.002556 65
0.006562 57
0.001156 28
0.002863 54
0.000283 44
0.000207 25
0.000224 8
0.000048 110
1.309693 1
0.123785 1
0.129345 1
0.211898 1
0.226594 1
0.126602 1
0.285903 8
0.561323 11
0.000604 36
0.006552 128
0.000024 28
0.006579 54
0.001018 44
0.000034 143
10.410774 13
0.528677 57
0.731264 4
0.300055 4
0.232121 4
0.196581 4
0.437087 4
1.479517 1
0.103873 1
0.113260 1
1.378144 1
1.351753 1
0.302089 1
1.457815 1
0.252031 1
0.489483 47
1.255264 28
0.001224 241
26.837046 1
0.011339 1
0.569782 1
0.085771 1
0.090322 1
0.170703 1
1.312950 1
0.476188 1
0.280476 1
0.213922 1
0.201092 1
0.218343 1
0.174439 1
0.126851 1
0.261263 4
0.208184 4
0.461054 4
0.384756 1
0.388058 4
0.361201 1
0.848370 1
0.145412 1
0.265913 1
0.132976 1
0.520301 1
0.380183 1
1.192768 1
0.334180 1
0.137498 1
0.161576 1
0.213638 1
0.394039 47
0.005091 28
0.004600 241
1.544441 1
0.116411 1
0.153354 1
0.293911 1
0.087631 1
0.162542 1
1.289494 1
0.984199 1
0.591870 1
0.385373 1
0.190263 1
0.328828 1
0.201411 1
1.599695 1
0.304341 1
0.088361 1
0.273926 1
0.575762 4
0.177745 4
0.291161 1
0.221286 1
0.349516 1
0.125543 1
1.214870 1
0.329557 1
0.078724 1
0.187905 1
0.135853 1
0.195251 1
0.291902 4
0.246605 1
0.238033 1
1.515614 1
0.374264 11
0.000054 36
0.003496 28
0.003272 54
0.000339 44
0.000062 25
0.000187 8
0.000046 110
15.103395 1
0.481058 1
0.178913 1
0.263488 1
0.179679 1
0.746350 1
0.812879 1
0.431087 1
0.220224 1
1.283977 1
0.401679 1
0.551971 1
0.183114 1
0.211346 1
0.157962 1
0.584200 1
0.295681 1
0.200336 6
1.158174 1
0.279150 1
0.096547 1
0.265306 3
0.479806 47
0.013142 31
0.001759 40
0.023197 2
0.000010 101
0.000975 28
0.003257 54
0.000251 44
0.000032 25
0.000381 8
0.000024 110
9.910415 1
0.123278 1
0.119381 1
0.360431 1
1.201276 1
0.491165 1
0.781413 1
0.232042 1
0.176216 1
0.083718 1
0.814600 1
0.127675 1
0.223256 1
1.146680 1
0.366061 1
0.155159 1
0.142615 1
0.199577 1
0.804184 1
0.292001 1
0.292047 1
0.222144 1
0.119033 1
0.563334 1
0.717223 1
0.596773 1
0.161889 1
0.659423 1
0.284607 1
0.138587 1
0.498386 4
0.184911 1
0.615751 1
0.223536 1
0.106782 1
1.594211 1
0.298812 1
0.080406 1
0.194323 1
0.115518 1
0.384419 1
0.351296 1
1.188789 1
0.261873 1
0.104902 1
0.453747 1
1.192989 4
0.208454 4
0.178531 4
0.204019 1
0.122958 1
0.280349 1
0.165858 1
0.121639 1
0.167129 1
0.746216 1
0.243382 1
0.242651 1
0.210127 1
5.708862 2
0.002219 73
0.004779 98
0.000102 25
0.000299 118
2.353020 1
0.309152 1
0.247024 1
0.254716 1
0.116738 1
0.821187 1
0.165955 1
0.176915 1
0.263996 1
0.307766 1
0.203014 1
0.076409 1
0.281415 1
0.186474 1
0.293581 1
0.192792 1
0.267115 4
0.208395 4
0.159370 4
0.187977 4
0.353160 4
0.256129 1
0.110519 1
0.206859 1
0.084852 1
1.348497 1
0.255715 1
0.060032 1
0.186947 1
0.055690 1
0.255441 1
0.011184 1
0.372083 1
0.514999 4
0.183925 4
0.723061 1
0.308188 1
0.717494 1
0.247777 1
0.087708 1
0.460831 3
0.422689 2
0.000614 45
0.008506 31
0.001801 10
0.000155 2
0.022321 103
0.001341 28
0.002396 241
4.029657 17
