0.026982 28
0.000864 54
0.000009 69
0.000150 118
1.670696 1
0.054593 1
0.246451 1
0.114737 1
0.140580 1
0.140883 1
0.676164 1
0.447541 1
1.110532 3
0.329972 11
0.000698 36
0.007426 16
1.632821 1
0.140970 1
0.193730 1
0.084189 1
0.223379 2
0.017754 99
0.000118 28
0.001133 54
0.000100 44
0.000033 25
0.000085 118
1.334033 11
1.081331 2
0.000041 9
0.000079 36
0.006493 16
0.875365 1
0.140566 1
0.149380 1
0.107786 1
0.072222 1
0.101768 1
0.111488 1
0.416729 2
0.031216 66
0.000534 28
0.002431 54
0.000328 69
0.000089 8
0.000015 110
0.531385 11
1.817386 47
0.003271 16
1.254694 1
0.201035 1
0.265351 1
0.126260 1
0.670329 1
0.173177 1
0.974564 2
0.007147 103
2.958335 1
0.232558 1
0.284456 1
0.225316 1
0.196245 1
0.180104 1
0.428091 2
0.014116 58
0.000465 28
0.001043 54
0.000049 44
0.000014 25
0.000061 8
0.000011 110
1.890257 1
0.085950 1
0.244755 1
0.122979 1
0.135193 1
0.136247 1
0.576043 1
0.121724 1
0.342231 1
0.109884 1
0.779296 47
0.006306 26
1.761100 1
0.075250 1
0.166263 1
0.085107 1
0.530766 2
0.000114 35
1.156761 1
0.362053 1
0.171519 1
0.186874 2
0.002231 34
0.000557 2
0.006603 25
0.000845 30
0.000433 28
0.001732 54
0.000269 69
0.000057 8
0.000065 110
0.972072 10
1.383911 11
0.000007 36
0.007814 26
1.366632 1
0.107924 1
0.160870 1
0.137618 1
0.120413 1
0.092861 1
0.099955 1
0.404826 1
0.161022 1
0.114589 1
0.177811 1
0.165882 1
0.976296 2
0.000152 35
1.332724 1
1.252937 1
0.168127 1
0.258814 2
0.004792 44
0.027211 25
0.001233 30
0.001191 28
0.002282 54
0.000157 44
0.000122 25
0.000302 118
6.201192 1
0.003150 1
0.332587 1
0.158069 1
0.220353 1
0.122557 1
0.981517 1
0.416243 1
0.582836 4
0.239464 1
0.272987 1
0.110595 1
0.891840 1
0.233278 1
0.141860 1
0.143603 1
0.389643 1
0.168212 1
0.253264 1
0.166493 1
0.168003 1
0.523319 1
0.805892 1
0.761882 4
0.332410 1
0.621937 1
0.061374 1
1.129277 47
0.004249 66
0.000341 4
0.004460 25
0.007068 25
0.009067 25
0.014920 24
0.000461 28
0.001211 241
1.795282 23
0.588043 4
0.504711 4
0.004136 4
0.028590 4
0.029734 4
0.030027 4
0.031730 4
0.032863 4
0.032942 4
0.033474 4
0.165906 4
0.169754 4
0.180555 4
0.679049 2
0.000107 9
0.000075 36
0.006596 58
0.000014 36
0.000515 28
0.001766 54
0.000015 44
0.000008 25
0.000150 118
4.567153 1
0.043356 1
0.279552 1
0.159128 1
0.139056 1
0.141283 1
0.848094 1
0.159071 1
0.338447 1
0.101868 1
0.800442 11
0.000322 36
0.009973 91
0.022915 22
0.008099 38
0.000006 58
0.000060 127
0.000028 1301
0.000404 58
0.000257 28
0.001288 54
0.000101 44
0.000053 25
0.000063 8
0.000016 110
3.689694 17
