0.002705 2
1.642301 1
0.245668 1
0.087874 1
0.202485 1
0.183780 1
0.077849 1
0.196233 1
0.431757 1
0.104491 1
0.152365 1
0.336013 1
1.463370 1
0.189997 1
0.210840 1
0.127444 1
0.091906 1
0.527981 3
0.423796 1
0.207845 1
0.246481 1
0.133372 1
0.290252 1
0.413756 1
0.091994 1
0.243279 1
1.018835 1
0.403883 1
0.312226 1
0.640005 1
0.153831 1
0.262375 1
0.799836 1
0.743929 3
0.600007 1
0.155849 1
0.119938 1
0.114520 1
0.137778 1
0.232338 1
0.139218 1
0.106503 1
0.453853 3
0.606289 3
0.371643 1
1.135917 1
0.120453 1
0.200107 1
0.121763 1
0.169921 1
0.177925 1
0.407743 1
1.020268 1
0.192220 1
0.208017 1
0.412423 1
0.165680 1
0.121905 1
0.365444 1
0.081953 1
1.630175 1
0.404793 2
6.455700 2
0.000645 89
2.321034 1
0.188401 1
0.509686 2
0.000321 60
0.735605 1
0.850423 1
0.131746 1
0.201857 1
0.171978 2
0.000165 89
2.487554 1
0.196500 1
0.077272 1
0.186300 1
0.202319 1
0.103985 1
0.189678 1
0.404761 1
0.297412 1
0.117628 1
0.124280 1
0.835987 1
0.358441 1
0.213376 1
0.085306 1
0.123228 1
0.351746 3
0.418003 1
0.115791 1
0.198220 1
0.101627 1
0.252297 1
0.318041 1
0.230054 1
0.279780 1
0.166943 1
0.298360 1
0.772713 1
5.518053 1
0.144124 1
0.362254 1
0.188118 1
0.171725 1
0.149659 1
0.232688 1
0.221258 1
0.512570 1
0.205478 1
0.918464 1
0.263570 1
0.204429 1
0.133629 1
0.135928 1
0.196034 1
0.066891 1
0.603580 1
0.145671 1
0.160015 1
1.028322 1
0.207981 1
0.201545 1
0.347689 3
0.202432 1
0.383965 1
0.112304 1
0.527610 1
0.643969 2
3.926039 2
0.000603 4
2.863601 1
0.087554 1
0.203187 1
0.006850 1
0.335456 3
0.174597 3
0.170509 3
0.149564 3
0.433031 1
0.271128 1
0.110021 1
0.207710 1
0.223107 1
0.114979 1
0.187921 1
0.240219 1
0.291822 1
0.109844 1
0.134170 1
0.432528 1
0.195614 1
0.208319 1
0.081105 1
0.434928 1
0.177881 1
0.368788 1
0.109576 1
0.263665 1
0.160156 1
0.743425 1
0.306717 1
0.133285 1
0.354362 1
0.381974 1
0.340083 1
0.143695 1
0.119878 1
0.502155 1
0.179867 1
0.110508 1
0.195646 1
0.138326 1
0.261811 1
0.209970 1
0.317653 1
0.330508 1
0.370025 1
0.119803 1
0.148493 1
0.413894 1
0.251535 1
0.566910 1
0.173229 1
0.169626 1
0.420315 1
0.608108 1
0.136183 1
0.391538 1
0.374239 3
0.360700 1
0.125154 1
0.649856 1
0.212234 1
0.760172 1
0.796013 2
0.000473 2
2.153165 1
0.198044 1
0.137983 1
0.170578 1
0.149506 2
0.000675 176
2.359472 1
0.127684 1
0.224464 1
0.581855 1
0.205821 1
0.134197 1
2.001677 3
0.236141 3
0.162134 3
0.133841 3
0.183785 3
0.148203 3
0.313953 1
0.198008 1
0.120381 1
0.209521 1
0.201088 1
0.120851 1
0.436254 1
0.361995 2
0.000075 87
0.000074 89
0.739768 1
0.107921 1
0.139854 1
0.186193 1
0.166998 1
0.126785 1
0.702835 1
0.093223 1
0.221273 1
0.202762 1
0.130680 1
0.132595 1
0.546960 3
0.280174 1
0.161502 1
0.122378 1
0.258000 1
1.231826 1
3.738916 1
0.125021 1
0.212894 1
0.228961 1
0.460881 2
0.035006 51
0.000716 2
3.034580 1
0.148899 1
0.242145 1
0.155691 1
0.404311 1
3.777958 1
0.129887 1
0.172451 1
0.142791 1
0.293647 2
0.000103 2
1.895274 1
0.194142 1
0.156395 1
0.115146 1
0.183561 87
0.000192 91
2.068525 1
0.196030 1
0.223756 1
0.143899 1
0.385873 1
0.796568 1
0.131966 1
0.361658 1
0.137911 1
1.878338 4
2.811865 1
0.162071 1
0.293718 1
0.278555 1
0.149575 1
0.150087 1
0.251730 1
0.620584 1
0.128039 1
0.131931 1
0.101622 1
0.122209 1
0.193884 1
1.366286 1
1.681770 1
1.279897 1
0.371954 1
0.146139 1
0.093839 1
1.306045 1
0.300091 1
0.269865 1
1.105925 1
0.140158 1
0.154833 1
0.193082 1
0.312065 1
0.162015 1
0.245997 1
0.154111 1
0.192100 1
0.235727 2
0.044874 352
0.000020 89
5.468990 1
0.122721 1
0.323743 1
0.095692 1
0.999806 1
0.310157 1
0.363960 1
1.916390 1
0.665613 3
0.250813 3
0.033056 3
0.033603 3
0.033902 3
0.033724 3
0.034217 3
0.033323 3
0.549749 1
0.113625 1
0.120539 1
0.101123 1
0.176289 1
0.185959 2
0.008856 650
0.001243 250
1.039824 1
0.118044 1
0.525035 1
0.237003 1
0.176180 1
0.843876 1
0.134156 1
0.339803 1
0.213107 1
0.168004 1
0.695057 1
0.134616 1
0.181308 1
0.129852 1
0.226321 1
0.364024 1
0.166105 1
0.344123 2
0.001817 2
2.482232 1
0.193587 1
0.111939 1
0.154000 1
0.196055 1
0.046103 1
0.257977 1
0.441865 1
0.612097 1
0.158061 1
0.163869 1
0.234354 1
0.175427 1
0.174215 1
0.949992 1
0.226854 1
0.147774 1
0.185230 1
0.271983 1
0.676328 1
0.198058 1
0.133603 1
0.230445 1
0.116136 1
0.189820 1
0.135700 1
0.150234 1
0.317885 1
0.377874 1
0.158056 1
0.136048 1
0.158064 1
0.392019 1
0.164177 1
0.371605 3
0.178453 3
0.069897 1
0.090064 1
1.459671 1
3.972501 1
0.108137 1
0.889546 1
0.099885 1
0.098078 1
0.461691 1
0.462203 2
0.044745 2
2.755311 1
0.454838 1
0.177416 1
0.121492 1
0.750214 1
0.618245 1
0.373567 3
0.301881 1
0.210357 1
0.183759 1
0.232035 1
0.144418 1
0.952180 3
0.250183 3
0.033853 3
0.033782 3
0.033382 3
0.033770 3
0.033470 3
0.033791 3
0.033312 3
0.033829 3
2.152082 1
0.193993 1
0.192667 1
0.189814 1
0.147530 1
0.763875 1
0.225976 1
0.332060 1
0.342182 1
0.186300 1
0.240813 1
0.210542 1
0.300983 1
0.087524 1
0.121640 1
0.148029 1
0.952320 2
