0.002199 2
11.971750 1
0.063465 1
0.178193 1
0.127962 1
0.253809 1
0.468260 1
0.301894 1
0.184081 1
0.369247 3
0.157327 1
0.175427 1
0.077762 1
0.106628 1
0.075762 1
0.127780 1
0.490198 2
0.022039 185
0.000017 2
8.950392 1
0.061497 1
0.220192 1
0.121473 1
0.081879 1
0.087898 1
1.370075 1
0.222551 1
0.113964 1
0.209672 1
0.931050 1
0.360525 1
0.112808 1
0.221255 1
0.142148 1
0.628135 1
0.113859 1
0.170216 1
0.096599 1
0.115221 1
0.181969 1
0.202556 1
0.217305 1
0.114337 2
0.004150 2
3.760169 1
0.210587 1
0.169485 1
0.181363 1
1.026277 1
0.226348 1
0.259707 1
0.125996 1
0.219848 1
0.614723 1
0.261428 1
0.110065 1
0.319940 1
0.501886 3
0.178552 1
0.147399 1
0.640202 1
0.113994 1
0.199836 1
0.140155 1
0.190248 1
0.179967 1
0.211785 1
0.215736 1
0.212420 2
0.022275 117
0.000518 122
0.094905 2
397.638640 4
0.502057 4
0.360234 4
0.288331 3
0.249882 3
0.033998 6
0.033856 3
0.033701 3
0.033316 6
0.033458 3
0.033219 3
0.033595 6
0.343132 1
0.088686 1
0.254866 1
0.338486 3
0.159561 3
0.168162 3
0.575870 1
0.202080 1
0.099620 1
0.204457 1
0.366049 1
0.695859 1
0.147104 1
0.280294 4
0.608357 3
0.182852 3
0.159262 6
0.166001 3
0.464065 1
0.202675 1
0.192188 1
0.141628 1
0.257349 1
0.230026 1
0.085995 1
0.190156 1
0.183988 1
0.062067 1
0.232541 1
0.207788 1
0.581484 1
0.162197 1
0.485761 1
0.157387 1
0.139166 1
1.295640 1
0.217638 1
0.396186 1
0.248120 1
0.269663 1
3.044396 1
0.121967 1
0.209920 1
0.135887 1
0.381989 1
0.084716 1
0.212005 1
0.385401 1
0.368128 1
0.235876 1
0.221853 1
0.194023 1
0.224418 2
0.000014 2
180.099215 1
0.194727 1
0.367796 1
0.279411 1
0.388126 1
1.028798 1
0.267457 1
0.236114 1
0.121594 1
0.220319 1
0.250304 1
0.431564 1
0.105997 1
0.213927 1
0.129850 1
0.542306 1
0.125693 1
0.186856 1
0.105119 1
0.150284 1
0.229879 1
0.218221 1
0.241732 1
0.163835 2
0.007642 2
19.386067 4
0.671178 3
0.250905 3
0.032610 6
0.577662 1
0.161885 1
0.090382 1
0.217771 1
0.096545 1
0.333697 1
0.115704 1
0.154278 1
0.137939 1
0.228314 1
0.242170 1
0.235367 1
0.514299 1
0.211862 1
0.176051 1
0.514090 1
0.085539 1
0.230338 1
0.134392 1
0.248435 1
0.226961 1
0.192063 1
0.213848 1
0.190456 2
0.011143 2
17.063952 4
0.602111 4
0.458306 3
0.250739 3
0.033610 6
0.032979 3
0.033322 3
0.033110 6
28.292623 1
0.171504 1
0.182070 1
0.200321 1
0.133615 1
0.510598 1
0.155397 1
0.238673 1
0.153970 1
0.232177 1
0.273553 1
0.209805 1
0.367164 1
0.189003 1
0.156243 1
0.465590 1
0.075904 1
0.428033 1
0.107875 1
0.238377 1
0.249998 1
0.202078 1
0.233922 1
0.162196 2
0.011898 2
13.225310 1
0.228420 1
0.138126 1
0.074497 1
0.255465 1
0.330019 1
0.652031 1
0.226217 2
0.042334 139
0.028842 58
1.537106 14
0.012794 2
0.808718 1
0.251578 1
0.148338 1
0.082508 1
0.211476 1
0.225966 1
0.294050 1
0.145708 1
0.492061 3
0.174716 3
0.121826 1
0.579507 1
1.149924 1
0.224062 1
0.264094 1
0.326181 1
0.319825 1
0.176103 1
0.126000 1
0.409879 1
0.354259 1
0.201481 1
0.175915 1
0.274601 1
0.161786 1
0.180160 1
0.977795 1
0.494484 1
0.213369 1
0.252131 1
0.161861 1
0.338242 2
0.053057 62
55.140818 2
0.001163 41
0.013821 2
3.494992 1
0.140036 1
0.186397 1
0.455552 1
0.352919 1
0.283049 1
0.213399 1
0.350754 1
0.086272 1
0.617403 1
0.210047 1
0.385903 1
0.278571 1
0.267867 1
0.163976 1
0.147742 1
0.330191 1
0.566117 2
0.001456 2
2.630267 1
0.127925 1
0.279953 1
0.232221 1
0.187829 1
0.536314 1
1.425515 3
0.250581 3
0.033211 3
0.033801 3
0.033185 3
0.033657 3
2.057696 1
0.242068 1
0.478041 3
0.497954 1
0.130293 1
0.286943 1
0.224674 1
0.150893 1
0.197263 1
0.234159 2
0.000169 52
2.318772 1
0.101236 1
0.175682 1
0.095866 1
0.180106 1
0.361735 1
0.432346 1
0.245786 1
0.856224 1
0.221921 1
0.179917 1
0.301881 1
1.504201 1
0.230056 1
0.309873 1
0.617879 1
0.422141 1
0.164057 1
0.141814 1
0.575940 3
0.180115 3
0.289816 3
1.120330 3
1.022016 1
0.265990 1
0.259111 1
0.300659 1
0.919982 1
0.222148 1
0.257997 1
0.264470 1
0.177284 1
0.208488 1
0.731773 1
0.580003 2
0.009211 38
0.000041 2
4.056573 1
0.112012 1
0.177917 1
0.484270 1
0.145787 1
0.647993 1
0.569997 1
0.504038 1
0.446187 1
0.145921 1
1.084117 1
1.057948 1
0.178134 1
0.465369 1
0.268438 1
0.306491 1
0.901433 1
0.197964 1
0.165837 1
0.246410 2
0.001937 52
0.000018 2
4.043196 1
0.164731 1
0.287781 1
0.156154 1
0.347965 1
0.584584 1
0.199357 1
0.624148 1
0.198323 1
0.165611 1
0.340453 2
0.000015 2
2.498877 1
0.178616 1
0.156076 1
0.114388 1
0.217577 1
0.080999 1
0.235150 1
0.173985 1
0.949890 1
0.258251 1
0.660242 1
0.244138 1
0.237391 1
0.194003 1
0.106628 1
0.361733 1
0.175606 1
0.102994 1
0.171143 1
0.214453 2
5.855752 1
0.089966 1
0.080062 1
0.531695 1
0.192597 1
0.521583 3
0.200294 3
0.157909 3
0.177576 3
0.154211 3
1.163953 2
0.001153 54
2.004921 6
1.622039 1
0.126013 1
0.389670 3
0.154103 3
0.269991 1
0.224680 1
0.123307 1
0.256125 1
0.336239 2
0.000024 2
2.531843 1
0.120026 1
0.117648 1
0.192423 1
0.278143 1
0.603457 1
0.220255 1
0.236218 1
0.153407 1
1.670167 1
0.407885 1
1.471911 1
0.732859 2
0.000289 2
0.796957 1
0.130128 1
0.111808 1
0.390218 1
0.153648 1
0.350636 1
0.187973 1
0.151885 1
0.150128 1
0.471669 1
0.494212 1
0.929505 1
0.830516 2
0.000948 2
0.406732 1
0.146172 1
0.102290 1
0.183422 1
0.178087 1
0.374141 1
0.230422 1
0.283433 1
0.146246 1
0.599870 1
0.324377 1
1.187859 1
0.461999 2
0.001003 2
1.000506 1
0.194405 1
0.111943 1
0.205991 1
0.160083 2
0.000469 137
1.791525 1
0.349863 1
1.061871 1
0.152410 1
0.240049 1
0.711709 1
0.181993 1
0.124263 1
0.162110 1
0.159895 1
0.102468 1
0.227486 2
0.026117 5
0.001025 18
3.902735 1
0.196219 1
0.175612 1
0.180912 1
0.153364 1
1.751926 1
0.562561 1
0.201798 1
0.199640 1
0.197747 1
0.148000 1
0.312557 2
0.026649 137
8.323115 1
0.135614 1
0.179934 1
0.179435 2
0.000206 26
0.813654 4
0.286845 1
0.440452 3
0.249956 3
0.033626 3
0.033175 6
0.586662 1
0.206187 1
0.187869 1
0.166393 1
0.209827 2
0.000013 2
1.930138 1
0.143813 1
0.141891 1
0.163979 1
0.188009 1
0.484276 3
0.247769 1
2.612212 1
0.195983 1
0.109625 1
0.156069 1
0.162092 1
0.556351 1
0.722844 1
0.267086 1
0.185930 1
0.277814 1
0.361969 3
0.223859 1
0.126129 1
0.195936 1
0.136237 1
0.423718 1
0.206170 1
0.133785 1
0.144261 1
0.324004 1
0.219782 1
0.391914 1
0.214066 1
0.292258 1
0.135702 1
0.087956 1
0.472030 1
0.165985 1
0.508461 1
0.173508 1
0.114094 1
0.154679 1
0.147888 1
2.875546 1
0.301817 1
0.602475 2
0.001073 2
2.100612 1
0.191839 1
0.166221 1
0.270668 1
0.143183 1
0.824085 1
0.155980 1
0.288002 1
0.185950 1
0.290149 1
0.190220 1
0.335510 1
0.168678 1
0.119874 1
0.232014 2
0.025986 2
10.229461 1
0.027206 1
0.592955 1
0.147944 1
0.220356 1
0.185715 1
0.508456 1
0.323414 1
0.308313 1
0.451807 1
0.120156 1
0.157759 1
0.202092 1
0.672051 1
0.397774 1
0.276509 1
0.155449 1
0.304248 1
0.527956 2
0.021483 563
0.004062 194
0.000716 137
8.539075 4
0.596789 4
0.291388 4
0.196480 4
0.388027 3
0.250516 3
0.034050 6
0.033626 3
0.033377 3
0.033334 6
0.032980 3
0.033163 3
0.033459 6
0.033462 3
0.033822 3
0.032725 6
1.031236 1
0.162223 1
0.234152 1
0.819931 1
0.143640 1
0.136460 1
0.321599 1
0.426215 1
0.178647 1
0.191224 1
0.120401 1
0.855707 1
0.166348 1
0.335731 1
0.128058 1
0.249942 1
0.137840 1
0.602021 1
0.464272 2
0.023096 664
0.000017 2
5.687996 1
0.163450 1
1.597065 1
0.670216 1
0.141739 1
0.148022 1
0.410320 1
0.233923 1
0.130242 1
0.125809 1
0.097747 1
0.155983 1
0.548041 1
0.294020 1
1.903821 1
1.264101 1
0.398730 1
0.113475 1
0.109915 1
1.154018 1
0.387899 1
0.246962 1
0.169181 1
0.113404 1
0.110300 1
0.174157 1
3.540555 1
0.159402 1
0.526123 1
0.786805 1
1.013404 1
1.421773 2
0.024529 719
0.000011 2
5.236464 4
0.446286 4
0.370640 3
0.251422 3
0.032550 6
0.034176 3
0.032891 3
0.033444 6
0.439457 4
0.357923 3
0.250318 3
0.033177 6
0.486170 4
0.038102 4
0.818278 3
0.250437 3
0.033490 6
0.033406 3
0.034188 3
0.033292 6
1.679431 1
0.166050 1
0.273790 1
0.233875 1
0.087969 1
0.150835 1
0.713284 1
0.198036 1
0.140095 1
0.122016 1
0.113906 1
0.126477 1
0.315666 1
1.403794 1
0.448246 1
2.667883 3
0.911200 1
0.632864 1
0.107813 1
0.469934 1
0.658114 3
0.408035 1
0.863956 1
0.390136 1
0.218106 1
0.185751 1
0.105892 1
0.154200 1
0.167913 1
2.004487 1
0.261846 1
0.231571 1
0.130602 1
0.307194 1
0.268711 2
0.023936 443
0.000016 2
15.887538 1
0.148068 1
0.395884 1
0.159936 1
0.654234 1
0.478300 1
0.433556 1
0.458057 1
0.244146 1
0.142260 1
0.115827 1
0.121898 1
0.136305 1
0.219717 1
0.228264 1
3.531726 3
0.239958 1
1.270165 1
1.407583 1
0.237982 1
0.134458 1
0.109910 1
0.997858 1
0.343993 1
0.244530 1
0.191462 1
0.121765 1
0.160555 1
0.183664 1
0.609866 1
0.166183 1
0.283788 1
0.192193 1
0.150078 1
0.088968 1
0.273785 2
0.016305 2304
0.000014 2
1994.461941 1
0.190260 1
0.111922 1
0.226344 1
0.109272 1
1.526478 1
0.182034 1
0.919755 3
0.541869 1
0.164216 1
0.195866 1
0.125984 1
0.192208 1
0.178130 1
0.103749 1
0.142135 1
0.461767 1
0.250158 1
0.306413 1
0.157712 1
0.290066 1
0.137824 1
0.262511 1
0.423819 1
0.203498 1
0.100084 1
0.199950 1
0.083793 1
0.176279 1
0.183972 1
0.119980 1
0.302142 1
1.167997 1
0.402162 1
0.371945 1
0.889782 1
0.228013 1
0.105874 1
0.886067 1
0.257794 1
0.178523 1
0.264099 1
0.260254 1
0.211604 1
0.234539 2
0.000015 2
0.865020 1
0.089943 1
0.108159 1
0.128286 1
0.215557 1
0.206540 2
0.003066 8
0.001884 401
4.610559 1
0.132397 1
0.195832 1
0.206138 1
0.235766 1
0.102048 1
0.249997 1
0.385978 1
0.509959 7
0.430004 1
0.326531 1
0.185213 1
0.212297 1
0.216514 1
0.140120 2
0.002167 26
0.001459 2
1.858294 1
0.095318 1
0.242290 1
0.376117 1
0.260315 1
0.417665 1
0.087355 1
0.242027 1
0.106089 1
0.140807 1
0.735272 3
0.494552 1
0.235672 1
0.197990 1
0.081806 1
0.150270 1
0.135635 1
0.148176 1
0.240138 1
0.274184 1
0.422258 2
0.002666 2
0.332898 1
0.106133 1
0.198290 1
0.173377 1
0.283848 1
0.106361 1
0.475759 1
0.088016 1
0.446301 1
0.243368 1
0.210008 1
0.098630 1
0.125671 1
0.218560 1
0.339976 1
0.212399 1
0.197316 1
0.194610 2
0.005025 83
0.000022 2
2.652518 1
0.245651 1
0.363731 1
0.112005 1
0.112900 1
1.161437 1
0.232478 1
0.111634 1
0.087688 1
0.132152 1
0.632024 3
0.101875 1
0.322330 1
0.343664 1
0.216639 1
1.377830 1
0.148041 1
0.623587 3
0.246550 1
0.379361 1
0.096222 1
0.121823 1
0.679929 1
0.516279 1
0.173642 1
0.118636 1
0.125484 1
0.110144 1
0.246408 1
0.181385 1
0.224667 2
0.002012 5
0.000826 23
4.820868 1
0.147709 1
0.198481 1
0.135566 1
0.218038 1
0.308515 2
0.005033 531
0.000012 2
1.896603 1
0.111879 1
0.178137 1
0.766153 1
0.131926 1
0.708158 1
0.561814 1
0.087809 1
0.432341 1
0.096094 1
0.113850 1
0.061931 1
0.501155 3
0.118767 1
0.324120 2
0.036824 2
2.421539 1
0.167676 1
0.207899 1
0.131999 1
0.075754 1
0.220405 1
0.291914 1
0.339945 1
0.330668 1
0.091302 1
0.205922 1
0.318069 3
0.189980 3
0.088101 1
0.659876 1
0.316957 1
0.197127 1
0.698067 1
0.577989 1
0.180029 1
0.183660 1
0.083983 1
0.474213 1
0.316057 3
0.411736 1
0.255845 1
0.168446 1
0.121825 1
0.182102 1
0.938058 1
0.236062 1
0.208062 1
0.318063 2
0.006093 2
1.901695 1
0.114616 1
0.183093 1
0.190409 1
0.133701 1
0.190351 1
0.357867 1
0.103843 1
0.410176 1
0.493955 1
0.307925 1
0.520053 3
0.177919 3
0.704163 1
0.545844 1
0.252197 1
0.221560 1
0.134375 1
0.129882 1
0.302110 1
0.194181 1
0.176111 2
0.004773 2
6.347288 1
0.084401 1
0.135139 1
7.910119 3
0.259832 3
0.203899 3
1.452581 1
0.207613 1
0.899778 3
0.201944 3
0.344239 1
0.124693 1
0.155064 1
0.214010 1
0.180341 1
0.163726 1
0.452247 1
0.165656 1
0.627486 1
0.082448 1
0.108613 1
0.347857 1
0.222716 2
0.002870 2
3.500479 1
0.083605 1
0.720123 1
0.097618 1
0.098219 1
0.608231 1
0.263982 1
0.123807 1
0.093895 1
0.110058 1
0.334065 3
0.137892 1
0.718391 1
0.279974 1
0.210066 1
0.193845 1
0.195974 1
0.343908 1
0.110063 1
0.159927 1
1.433619 1
0.454420 1
0.204179 1
0.255804 1
0.268103 1
0.172111 1
0.267712 1
0.194242 1
0.951883 1
0.249959 1
0.393878 1
1.066044 1
1.298170 3
0.784029 1
0.320025 1
0.269904 2
0.005463 2
2.148478 1
0.096112 1
0.189806 1
0.234033 1
0.194752 1
0.179429 1
0.093712 1
0.591952 1
0.098149 1
0.340066 1
0.298304 3
0.439821 3
0.161611 1
0.588499 1
0.285622 1
0.176095 1
0.083647 1
0.192264 1
0.348478 1
0.306114 1
0.207480 1
0.206129 2
0.004924 2
3.681308 1
0.090679 1
0.129312 1
0.264490 1
0.187698 1
0.384325 1
0.076792 1
0.312140 1
0.616196 1
0.171855 1
0.190369 1
0.339811 1
0.166184 1
0.203838 1
0.329731 1
0.204401 1
0.907653 1
0.141031 1
0.179205 1
0.159912 1
0.118141 1
0.124118 1
1.240570 1
0.273344 1
0.175642 1
0.129732 1
0.208978 2
0.036061 51
0.000022 2
3.634307 4
2.099368 3
0.182145 3
0.179496 6
0.412329 1
0.113826 1
0.433839 1
0.198702 1
0.187631 1
0.631853 1
0.139768 1
0.121858 1
0.812026 1
0.648096 1
0.196380 1
0.105708 1
0.397909 1
0.452427 1
0.253773 1
0.229953 1
0.348089 1
0.261741 1
0.185891 1
0.340642 1
0.109688 1
0.123758 1
1.120259 1
0.220082 1
0.175911 1
0.106309 1
0.383675 2
0.002186 2
2.822139 1
0.123789 1
0.246046 1
0.561899 1
0.400047 3
0.155917 3
0.613754 1
0.134737 1
0.333821 1
0.207596 1
0.324057 1
0.093543 1
0.205393 1
0.119268 1
0.545640 1
0.154740 1
0.181637 1
0.237928 1
0.226055 1
0.171824 2
0.005455 2
0.578622 1
0.073186 1
0.218386 1
0.251101 1
0.467390 1
0.121934 1
0.195988 1
0.097708 1
0.222227 1
0.457754 1
0.322243 1
0.234585 1
0.181463 1
0.248116 2
0.005050 2
6.940365 1
0.058514 1
0.249748 1
0.276417 2
0.003961 2
2.057405 1
0.094557 1
0.215483 1
0.130280 1
0.108872 1
0.247578 1
0.252005 2
0.005157 2
1.248520 1
0.150078 1
0.218655 1
0.190738 1
0.136509 1
0.419680 3
0.180535 1
0.231913 1
0.221808 2
0.005187 2
0.472950 1
0.118055 1
0.112214 1
0.171341 1
0.298422 1
0.099070 1
0.258862 1
0.234244 2
0.090344 1
0.029162 1037
0.003124 1150
3.319691 4
0.001741 2
1.395749 1
0.117956 1
0.299933 1
0.454066 1
0.187712 1
0.142312 1
0.453986 2
0.005196 2
7.517701 1
0.660845 3
29.187739 1
0.106303 1
0.113930 1
0.234313 1
0.125580 1
0.878197 1
0.143753 1
0.792383 3
0.418167 1
0.111501 1
0.119870 1
0.625917 1
0.258289 1
0.175854 1
0.516217 1
0.943930 1
0.224067 1
0.218130 1
0.177603 1
0.192424 1
0.519883 1
1.179891 1
0.379995 1
0.185834 1
0.254186 1
0.231841 1
0.687593 1
1.826384 1
0.323798 1
0.710313 3
0.811943 1
0.239995 1
0.187769 1
0.200370 1
0.265937 1
0.567910 1
0.616038 1
0.888246 1
0.393745 1
1.287900 1
0.191052 1
1.428994 1
0.313768 1
0.746492 1
0.788438 2
0.005906 12
0.000824 4
10.470585 1
0.124021 1
0.117648 1
0.414105 1
0.243968 1
0.754622 1
0.589806 1
0.439646 1
0.080110 1
0.751900 1
0.154634 1
0.187449 1
0.152078 1
0.675958 1
0.207911 1
0.195887 1
0.230005 1
0.143977 1
0.460220 1
0.333932 1
0.629904 1
0.480067 1
0.364198 1
0.204039 1
0.465697 1
1.930000 1
0.886131 1
0.474268 1
0.525597 1
0.188387 1
0.110086 1
0.426441 1
0.195040 1
0.402171 1
0.718337 1
0.895829 1
0.487923 1
0.647989 1
0.427813 1
1.200072 1
0.441970 1
0.237933 1
0.170035 1
0.083802 1
0.134676 1
1.131440 3
0.210157 3
0.178150 3
0.177716 3
0.858078 3
0.261879 3
0.553995 1
0.738010 1
0.306266 1
0.179990 1
0.182178 1
0.210510 1
0.447336 1
0.902398 1
0.918027 3
0.869598 1
0.313935 1
0.431148 2
0.004117 12
0.000794 4
6.403790 1
0.214248 1
0.147579 1
0.422376 1
0.427775 3
0.349987 1
1.094112 1
0.310938 1
0.140948 1
0.403260 4
0.480886 3
0.193955 3
0.180073 6
0.179862 3
0.612155 1
0.279886 1
0.330173 1
0.727948 1
0.160845 1
0.667170 3
0.286064 1
0.600125 1
0.287748 1
0.117775 1
0.416141 1
0.578396 1
1.260004 1
0.699870 1
0.253624 1
0.246472 1
1.803462 1
0.318082 1
0.272142 1
0.495873 1
0.251974 1
0.682286 3
0.179647 1
0.578381 1
0.281638 1
0.170083 1
0.224743 1
0.591625 1
0.190035 1
0.283799 1
0.592213 2
0.000015 2
5.549616 1
0.286530 2
0.000028 2
0.501272 1
0.184656 2
0.000012 2
0.260015 1
0.180090 2
0.000013 2
0.445223 1
0.202417 4
1.005640 2
0.000346 4
9.833081 4
0.770560 3
0.227967 3
0.192456 6
11.227531 1
0.102194 1
0.559797 1
0.250330 1
0.259832 3
0.178566 3
0.151411 3
0.137915 1
0.187931 1
0.276159 1
0.413840 1
0.318627 1
0.301458 1
0.360123 1
0.216284 1
0.293738 1
0.198091 1
0.391919 1
0.184210 1
0.112106 1
0.251551 1
1.239971 1
0.346183 1
0.134024 1
0.039817 1
0.918308 1
1.597698 1
0.472019 1
0.724675 1
0.477212 1
0.246265 1
0.173800 1
0.512088 1
0.130151 1
0.524569 1
0.255197 1
1.069824 1
0.200389 1
0.721872 1
0.468583 2
0.000193 25
0.004564 2
2.268943 1
0.165575 1
0.122031 1
0.218024 1
0.589885 1
0.314679 1
0.297522 1
0.354309 1
0.273706 1
0.543886 1
0.178209 1
0.227604 1
0.212527 1
0.117690 1
0.181772 1
0.144409 1
0.121741 1
0.028252 1
0.006098 1
0.683940 1
1.013485 1
0.616327 3
0.474051 1
0.469789 3
1.377993 1
0.568176 3
0.378065 1
0.303944 1
0.760061 1
0.969942 1
0.583772 1
0.150139 1
0.640352 3
0.152096 3
0.135563 1
0.145817 1
0.262229 1
0.123955 1
0.159976 1
0.174167 1
0.462032 1
0.161843 1
0.211922 1
0.308454 2
0.003632 11
0.000015 2
1.479937 1
0.182188 1
0.123735 1
0.226867 1
0.163193 1
1.180615 1
0.743373 1
0.252050 1
0.240430 1
0.302332 1
0.179564 1
0.243423 1
0.232245 1
0.093824 1
0.184463 1
0.211724 1
0.081779 1
0.092313 1
0.001757 1
0.466329 1
2.047835 1
0.549870 1
0.459969 1
0.224091 1
0.273077 1
0.153303 1
0.504468 1
0.365086 1
0.190470 1
1.821927 1
0.580104 3
1.953599 1
0.224765 1
1.349629 1
0.434619 1
0.450587 1
0.156282 1
0.554006 1
0.635988 1
0.359136 1
1.397027 1
0.815878 1
0.804797 1
0.005247 1
0.412099 3
0.313743 3
0.414091 1
1.128063 1
0.220328 1
0.097826 1
0.136249 1
0.197537 1
0.113697 1
0.442625 1
0.538250 1
0.748052 1
0.515580 2
0.006005 5
0.000022 2
8.708916 1
0.022909 1
0.734351 1
0.114879 1
0.161072 1
0.515832 3
0.153993 1
0.592601 1
0.439394 1
0.219568 1
0.278260 1
0.150266 1
0.185878 1
0.254167 1
0.312411 1
0.193331 1
0.204080 1
0.075535 1
1.522286 1
0.342697 2
0.005101 2
0.344705 1
0.069597 1
0.196760 1
0.173361 1
0.185812 1
0.593970 1
0.380132 1
0.299981 3
0.258361 1
0.203436 1
0.194515 1
0.109591 1
0.364360 1
0.288276 2
0.000020 2
2.479281 1
0.105761 1
0.244377 1
0.097829 1
0.092484 1
0.868282 1
1.381120 3
0.591140 1
0.306979 1
0.107789 1
0.428284 1
0.077877 1
0.514526 1
0.047464 1
0.712534 4
1.145738 3
0.226278 3
0.191925 6
0.301700 3
0.716325 1
0.263788 1
0.138240 1
0.239587 1
1.014508 1
1.177314 1
0.218597 1
0.206025 1
0.193476 1
0.111046 2
0.010164 2
0.431348 1
0.103502 1
0.110317 1
0.062359 1
0.203614 1
0.212594 2
0.007097 69
0.001601 2
65.030230 1
0.108022 1
0.541983 3
0.215965 3
0.548339 1
0.100509 1
0.163206 1
0.770100 1
0.094349 1
0.311617 1
0.086234 1
0.660042 1
1.475780 1
0.444260 1
0.137613 1
0.211956 1
0.506012 1
0.797966 1
0.150326 1
0.221857 1
0.203827 1
0.394287 2
0.002135 2
1.714052 1
0.181536 1
0.091807 1
0.214687 1
0.128163 1
0.369636 1
0.341665 3
0.201929 1
0.644936 1
0.333412 3
0.332142 1
0.158565 1
0.089693 1
0.173781 1
0.197608 1
0.358198 2
0.000159 11
2.269673 1
0.091836 1
0.416151 1
0.085930 1
0.366056 1
0.116166 1
0.117931 1
0.641974 1
0.665836 1
0.440025 1
0.628244 3
0.577807 1
0.146270 1
0.301949 1
0.098025 1
0.104387 1
0.087518 1
0.689047 1
0.071953 1
0.129284 1
0.071405 1
0.448494 3
0.165605 3
0.192165 1
0.098802 1
0.943148 1
0.048035 1
0.533991 3
0.243778 1
0.634178 1
0.145855 1
0.222046 1
1.028065 1
1.163959 1
0.204399 1
0.285591 1
0.175886 1
0.256143 1
0.328070 4
0.472202 3
0.232243 3
0.245942 6
0.500215 2
0.006932 2
0.954647 1
0.113203 1
0.162499 1
0.079757 1
0.184888 1
0.167834 2
0.008511 559
0.000016 2
17.725196 1
0.048691 1
0.131036 1
0.526231 1
0.505971 1
0.100328 1
0.205856 1
0.491798 1
0.888102 1
0.287785 1
0.095772 1
0.926407 3
0.250568 3
0.033637 3
0.033865 3
0.032869 3
0.033973 3
0.033868 3
0.033554 3
11.685566 3
0.155811 3
0.183962 3
3.693618 1
0.162922 1
0.355720 1
0.307971 1
0.146728 1
0.875936 2
0.000014 2
0.571694 1
0.171913 1
0.159506 1
0.120227 1
0.094710 1
0.475089 1
0.210435 1
0.099746 1
0.239961 1
0.151929 1
0.179987 1
0.187917 1
0.002224 2
0.000019 2
2.549780 2
0.000876 4
0.351421 1
0.298148 1
0.357733 1
0.073887 1
0.126095 1
0.253643 1
0.536219 1
0.238168 1
0.201785 1
0.134270 1
0.139848 1
0.252437 2
0.005327 2
0.864612 1
0.095565 1
0.198265 1
0.542008 3
0.187708 3
0.173899 3
0.700403 1
0.097765 1
0.238316 1
0.105999 1
0.094788 1
0.309131 1
0.351709 1
0.066343 1
0.676335 1
0.116027 1
0.211159 1
0.146333 1
0.155743 1
0.656377 1
1.639475 1
0.139143 1
0.679436 1
0.266249 1
0.421698 1
0.587912 3
0.163920 3
0.181808 3
0.159923 3
0.272127 3
0.279986 1
0.181409 1
0.306509 1
0.140097 1
0.638116 3
0.187957 3
0.162053 3
0.736858 1
0.201115 1
0.137880 1
0.178115 1
1.308332 1
0.725684 1
0.267993 1
0.245988 1
0.219816 1
0.296166 1
0.424377 1
0.244095 2
0.005141 2
1.268294 1
0.076191 1
0.232346 1
0.973888 1
0.289825 2
0.000134 26
5.251735 1
0.219800 1
0.252115 1
0.775892 3
0.184505 3
0.161924 3
0.315551 1
0.090032 1
0.326132 1
0.816425 1
0.161296 1
0.190197 1
0.886453 1
0.197563 1
0.206322 1
0.203517 1
0.124232 1
0.566219 1
1.098267 1
0.177338 1
0.232114 1
0.159968 1
0.328165 3
0.177886 3
0.289826 3
0.298357 1
0.199815 1
0.141712 1
0.134334 1
0.278071 1
0.108116 1
0.277991 1
0.162362 1
0.139275 1
0.290172 1
0.326028 1
0.356209 1
0.259576 1
0.274224 2
0.000214 49
3.021675 1
0.095864 1
0.094042 1
0.706278 1
0.165635 1
0.182491 1
1.305685 1
0.116265 1
0.206130 1
0.145568 1
0.120251 1
1.485603 1
0.904230 1
0.188163 1
0.261750 1
0.147671 1
0.785976 1
0.682553 3
0.118067 1
1.698485 1
0.425110 1
0.184240 1
0.473512 1
0.242254 1
0.355981 1
0.224021 1
0.206576 2
0.002217 4
0.000788 103
0.000026 2
2.432632 1
0.107998 1
0.149901 1
0.383917 1
0.129968 1
0.188213 1
0.836225 1
0.161657 1
0.190076 1
0.151884 1
0.182497 1
0.431987 1
0.595890 1
0.135623 1
0.210368 1
0.157876 1
0.503655 1
0.392205 1
0.224307 1
0.211981 1
0.153725 1
0.124116 1
0.303843 1
0.234042 1
0.197804 1
0.202322 1
0.351884 3
0.317953 1
0.328481 2
0.002791 2
1.514824 1
0.094040 1
0.169921 1
0.065714 1
0.972221 3
1.097757 1
0.370148 1
0.095916 1
0.222018 1
0.186473 1
0.315537 1
0.416541 1
0.385818 1
0.227854 1
0.174058 1
0.205869 1
0.910098 1
0.348379 2
0.016248 1837
0.000049 2
6.489487 1
0.071612 1
0.170136 1
0.350052 1
1.312138 1
0.150112 1
0.287603 1
0.206324 1
0.231840 1
0.351846 1
0.226383 1
0.221751 1
0.195765 1
0.178017 1
0.263973 1
4.710195 1
1.600780 1
6.256996 1
4.409948 1
1.910347 1
1.453834 1
5.658467 1
0.299620 1
9.483807 1
0.914082 1
0.373914 1
0.230191 1
0.155798 1
0.116053 1
0.631881 1
0.192278 1
0.153752 1
0.140542 1
0.235556 1
0.418086 3
0.491775 1
0.240015 1
0.248332 1
0.186127 1
0.205972 2
0.006402 2
0.889141 1
0.104041 1
0.706050 3
0.182317 3
0.290425 1
0.095667 1
0.175451 1
0.240062 1
0.308242 1
0.126277 1
0.175590 1
0.329757 3
0.228708 1
0.247454 1
0.188162 1
0.148745 1
0.319141 1
0.172571 1
0.249524 1
0.196100 1
0.160160 2
0.006884 110
0.000028 2
15.064599 1
0.049964 1
0.214667 1
0.122194 1
0.210522 1
0.147238 1
0.845610 1
0.313932 1
0.351969 1
0.231915 1
0.208489 1
0.171545 1
0.685959 1
0.490067 1
0.122517 1
0.155487 1
0.358449 1
1.163864 1
0.127879 1
0.211734 1
0.170457 1
0.089535 1
0.190250 1
0.113523 1
0.246311 1
0.197829 1
0.452503 2
0.010423 873
0.000037 2
7.393069 1
0.042246 1
0.166064 1
0.213786 1
0.389786 1
0.114540 1
0.111663 1
0.550597 1
0.551341 1
0.148488 1
0.208072 1
0.173480 1
0.077939 1
0.234111 1
0.079860 1
0.224156 1
0.176190 1
0.139853 2
0.010892 873
0.000046 2
4.325296 1
0.345554 1
0.292146 1
0.282038 1
0.107610 1
0.120730 1
0.229689 1
0.361881 1
0.119943 1
0.266287 1
0.232067 1
0.160276 1
0.303492 1
0.088459 1
0.241632 1
0.187833 1
0.178357 2
0.004607 27
0.000445 2
7.058881 1
0.037709 1
0.130315 1
0.155955 1
0.238977 1
0.229132 1
0.164297 2
0.084858 1
0.019663 351
0.003597 1769
3.390359 4
0.002960 2
5.281852 1
0.119848 1
0.184366 1
0.100117 1
0.214042 1
1.500034 1
0.260193 1
0.815531 1
0.242153 1
0.187912 1
0.475840 1
0.159699 1
0.156394 1
0.725967 1
0.418114 1
0.233866 1
0.155893 1
0.329121 1
0.107022 1
0.213870 1
0.854742 1
0.353418 1
0.171904 1
0.200241 1
0.237954 1
0.895883 1
0.686035 1
0.383657 1
1.505013 1
0.987551 1
0.337676 1
0.240410 1
0.257676 1
0.109651 1
0.474694 1
0.911674 1
0.811704 1
0.352052 1
0.428157 1
0.167986 1
0.593853 1
0.484255 1
0.550193 1
0.240249 1
0.723352 1
0.114188 1
0.351751 1
0.310777 1
0.181167 1
0.156419 1
0.101959 1
0.091801 1
0.173097 1
0.259274 2
0.002890 25
0.009308 2
4.863451 1
0.100135 1
0.195970 1
0.104202 1
0.245819 1
0.156111 1
0.281778 1
1.445816 1
0.710159 3
0.250391 3
0.033676 3
0.033423 3
0.033145 3
0.032891 3
0.033422 3
0.034025 3
1.001069 1
1.230212 1
0.107837 1
0.214163 2
0.000299 26
1.705428 1
0.562462 1
0.127909 1
0.123546 1
0.234892 2
0.001546 25
1.607609 1
0.199921 1
0.532504 1
0.084377 1
0.137589 1
0.166077 2
0.000209 25
0.842549 4
0.496815 3
0.276079 3
0.176250 6
1.953574 1
0.102030 1
0.171910 1
0.097974 1
0.208279 1
0.155882 1
0.270504 1
0.279321 1
0.262311 1
0.720314 1
0.255624 1
0.142055 1
0.145828 1
0.168361 1
0.115867 1
0.309616 1
0.228416 1
0.217534 1
0.121970 1
0.172171 1
0.348270 1
0.212020 1
0.351721 3
0.201973 3
0.582546 1
0.235569 1
0.179952 1
0.142004 1
0.160019 1
1.271955 1
0.190167 1
0.481886 1
0.276030 1
0.745832 1
0.292324 1
0.191646 1
0.234139 1
0.145939 1
0.570126 1
1.264840 1
0.377286 1
0.446053 1
0.095679 1
0.130143 1
0.224122 1
0.231707 1
0.548145 1
1.607897 3
0.198245 3
0.165745 3
0.182238 3
0.164305 3
0.289568 3
0.198374 1
0.225672 1
0.107900 1
0.108802 1
0.203164 1
0.340145 1
0.214323 1
0.473909 1
0.083607 1
1.154041 1
0.221894 1
0.206424 1
0.356127 3
0.187690 3
0.570197 1
0.200161 1
0.227635 1
0.126295 1
0.098036 1
0.157625 1
0.186834 2
0.015282 30
0.001671 12
14.850220 1
0.001734 1
0.168150 1
0.256359 1
0.786822 1
0.188993 1
0.678213 1
0.167579 1
0.240391 1
0.110062 1
0.099622 1
0.103670 1
1.427060 1
0.197593 1
0.943916 1
0.282662 1
0.127272 1
0.193573 1
0.252611 1
0.389451 3
0.172900 3
0.159089 3
0.258581 3
0.224125 1
0.299890 1
0.259763 1
0.223758 1
1.234167 1
0.409803 3
0.200908 1
1.211353 1
0.143762 1
0.234232 1
0.220606 1
0.145334 1
0.253869 1
0.448149 1
0.471897 1
0.131161 1
0.154650 1
0.752058 1
0.444076 1
0.093957 1
0.686171 1
0.331816 1
0.266237 1
1.386467 1
0.287465 1
0.614009 1
0.219883 1
0.224882 1
0.919099 1
0.188370 1
0.496171 1
0.284128 2
0.042891 4
0.000979 2
7.395567 1
0.013662 1
0.160120 1
0.124874 1
0.199280 1
0.193120 1
0.564737 1
0.156117 1
0.409819 1
0.116124 1
0.118399 1
0.119530 1
0.394149 1
0.332405 1
0.547875 3
0.221511 1
0.880423 1
0.717736 1
0.150445 1
0.213901 1
0.201643 1
0.529953 1
0.356461 1
0.167853 1
0.283753 3
0.189958 1
0.174249 1
0.195875 1
0.131698 1
0.490115 1
0.216088 1
0.192103 1
0.109818 1
0.188335 1
0.283617 1
0.344402 1
0.065615 1
0.720028 1
0.480073 3
0.444044 1
0.184259 1
0.265589 1
0.809959 1
1.058072 1
0.554135 1
3.656373 3
0.233932 3
0.250826 3
0.033074 3
0.033584 3
0.033071 3
0.032960 3
0.033258 3
0.033350 3
0.033191 3
0.033039 3
0.323489 3
0.896005 1
0.224185 1
0.343561 1
0.259924 1
0.236045 1
0.188420 1
0.527615 1
0.093975 1
0.838410 1
0.457679 1
0.394341 1
0.360357 3
0.193439 1
1.547939 1
0.258047 1
0.093892 1
0.151858 1
0.315982 1
0.908223 1
0.389751 1
0.304191 1
0.180046 1
0.305873 3
0.143863 1
0.820357 1
0.329753 1
0.304220 1
0.230137 1
0.113526 1
0.212372 1
0.239623 1
0.430380 1
0.197891 1
0.208214 1
1.045962 3
0.143878 1
0.604144 2
0.002681 45
0.003366 2
74.165356 1
0.004309 1
0.153916 1
0.115950 1
0.946067 1
0.159901 1
0.312321 1
0.173603 1
0.472143 1
0.423862 3
0.347941 1
0.257982 1
0.176701 1
0.787752 1
0.707448 1
0.240411 1
0.765803 1
0.421911 1
0.166441 1
0.243610 1
0.184018 1
0.544019 1
0.615980 1
0.219919 1
3.611995 1
0.228118 1
0.222181 1
0.308740 1
2.971108 1
0.183744 1
0.251952 1
0.354621 1
0.135495 1
0.237147 1
1.100965 1
0.624376 1
0.075512 1
3.890159 1
0.409905 1
0.314152 1
1.343758 1
1.730548 1
0.583834 3
1.135656 1
0.490163 1
0.218253 1
0.107418 1
0.134160 1
0.376941 1
0.393718 1
0.291467 1
0.428260 1
0.194064 1
0.323960 1
0.667591 1
0.240585 1
0.265878 1
0.123670 1
0.169889 1
0.234381 1
0.371593 1
0.107982 1
0.228355 1
0.426498 1
0.311154 3
0.166138 3
0.109962 1
0.554731 2
0.052126 20
0.001337 2
12.138561 1
0.055088 1
0.296199 1
3.555975 1
1.277851 1
0.468754 1
0.213258 1
0.165921 1
0.196676 1
1.029519 1
0.238757 1
0.197198 1
0.206106 1
0.745147 1
0.337553 1
0.145340 1
0.180039 1
0.718853 1
0.457020 1
0.264117 1
0.175735 1
1.094055 1
1.228557 2
0.000012 2
2.165143 1
0.163325 1
0.303025 3
0.161702 3
0.226300 1
0.996697 1
0.177511 1
0.185856 1
0.447826 1
0.180077 1
0.602145 1
0.963907 1
0.957680 1
0.286235 1
0.089940 1
0.440464 1
0.233794 1
0.200211 1
0.215684 1
0.249791 1
0.094154 1
0.243824 1
0.164105 1
0.108026 1
0.166022 1
0.288000 1
1.170500 2
0.000011 2
1.857980 1
0.707182 3
0.454438 1
0.586057 1
0.317629 1
0.153983 1
0.174333 1
0.759996 1
0.716765 1
0.259716 1
0.173215 1
0.158308 1
0.105779 1
0.173883 1
0.166528 1
0.303878 1
0.321589 1
0.220338 1
0.160035 1
0.127782 1
0.211948 1
0.192119 1
0.612396 2
0.000013 2
0.845661 1
1.145837 1
0.131941 1
0.419934 3
0.164903 3
0.401376 1
0.153661 1
0.116881 1
0.351611 1
0.273764 1
0.210091 1
0.146157 1
0.643880 1
0.185870 1
2.497549 1
0.328592 1
0.129671 1
0.340424 1
0.146774 1
0.167942 1
0.059315 1
0.141683 1
0.199938 1
0.442119 2
0.000015 2
0.920235 1
0.311851 3
0.164200 1
3.854010 3
0.606005 1
0.221539 1
0.143955 1
0.480240 2
0.005080 2
3.398746 1
0.236033 1
0.128086 1
0.163830 1
0.656506 1
0.829657 1
0.653899 1
0.847203 1
0.653616 1
0.245080 1
0.441250 3
0.190739 3
0.294101 1
0.238895 1
0.169624 1
0.211440 1
0.350298 1
0.759813 1
0.468747 1
1.589300 1
0.196263 1
0.160799 1
0.154897 1
0.234314 1
0.263644 1
0.212148 1
0.123823 1
1.543690 1
0.316522 3
0.937627 1
0.310359 1
0.203984 1
0.195839 1
0.190674 1
0.137050 1
5.252274 1
0.301983 1
0.212323 1
2.001871 1
0.379879 1
2.389826 1
0.820326 1
0.286380 1
0.869460 1
0.134324 1
0.095511 1
1.512101 1
0.974595 1
1.559202 1
0.266218 1
0.152025 1
0.224231 1
1.565640 1
0.276207 1
0.235921 1
0.326318 1
0.311756 1
0.432177 3
0.573748 1
1.064581 1
0.508182 1
0.457157 1
0.975909 1
0.414106 1
0.176114 1
0.833947 1
0.510238 1
0.202003 1
1.435904 1
0.839785 1
1.679929 1
1.509943 1
0.505849 1
1.642270 1
0.710002 1
0.352156 1
0.319782 1
0.164119 1
0.092304 1
0.125772 1
0.787909 1
1.120315 1
1.185524 1
0.814032 3
0.332831 1
1.325463 1
0.353798 1
0.307876 1
0.282030 1
0.310411 1
0.171752 1
0.230053 1
0.584650 1
1.509035 1
1.522010 1
0.368379 1
0.260133 1
0.177912 1
0.091833 1
0.147981 1
0.408441 1
0.141609 1
0.253913 1
0.187830 1
1.362302 1
0.187155 1
0.152721 1
0.101938 1
0.474633 2
0.003923 26
0.003076 2
5.836270 1
0.808419 1
0.123705 1
0.388054 1
1.748090 1
0.199994 1
0.881775 1
1.014397 1
0.833953 1
0.231582 1
0.406622 1
0.239623 1
0.133750 1
1.551956 1
1.234129 1
0.416026 1
0.497824 1
0.314369 1
0.273682 1
0.152137 1
0.696294 1
0.267650 1
0.229946 1
0.158437 1
0.567573 1
0.338415 1
0.440098 3
0.423715 1
0.212008 1
0.168061 1
0.181675 1
0.204067 1
1.491830 1
0.206104 1
0.304393 1
0.449520 3
0.194529 1
0.189711 1
0.865843 1
1.040240 1
2.777800 1
0.784652 1
6.393848 3
0.250014 3
0.033024 3
0.033272 3
0.033140 3
0.032971 3
0.033126 3
0.033063 3
0.033169 3
0.033782 3
0.033449 3
0.032964 3
0.033325 3
0.033355 3
0.033230 3
0.033412 3
0.033565 3
0.033025 3
0.033716 3
0.033227 3
0.033201 3
0.033020 3
0.192895 3
0.189457 3
0.318039 3
0.607966 1
0.252053 1
0.704073 1
3.877933 1
0.238573 1
0.142633 1
0.144738 1
0.198010 1
0.210090 1
0.192212 1
0.105819 1
0.285914 1
0.267863 1
0.204271 1
0.349867 3
0.170615 3
0.405332 1
0.166326 1
0.184052 1
0.175641 1
0.153952 1
0.688024 1
0.190222 1
0.555892 1
1.020100 1
0.192104 1
1.249798 1
1.217226 1
0.248797 1
0.159818 1
0.416237 1
0.144109 1
0.719655 3
0.188669 3
1.147563 1
0.301805 3
0.212404 1
0.181609 1
0.166051 3
0.174329 3
0.240539 1
0.129142 1
0.927875 1
0.320015 1
1.470047 1
0.302167 1
0.150657 1
0.585129 1
0.155950 1
0.296377 1
0.233771 1
0.344128 1
0.159894 1
0.488129 3
0.186258 1
0.393942 1
0.409723 1
0.370025 1
0.777755 1
0.290388 1
0.195804 1
0.103801 1
0.398626 1
0.121839 1
0.483996 1
1.354050 1
0.666208 1
0.903748 1
0.447747 1
0.844817 1
1.472905 1
0.290325 1
0.245949 1
0.165999 1
0.086058 1
0.102324 1
0.491671 1
1.044756 1
0.669506 1
1.151480 1
0.324260 1
0.235874 1
0.208002 1
0.232307 1
0.387841 1
0.305880 1
0.131947 1
0.469985 1
0.577922 1
0.477998 3
0.316405 1
0.643638 1
0.226123 1
0.164311 1
0.119857 1
0.159580 1
0.224413 3
0.197752 3
0.147770 3
0.172201 3
0.581878 3
0.298377 1
0.361940 1
0.145742 1
0.090083 1
0.131923 1
0.302541 1
0.115196 1
0.458424 1
0.204018 1
0.182390 1
0.309897 1
0.197511 1
0.077752 1
0.284704 2
0.006199 2
1.293341 1
0.108135 1
0.192060 1
0.165061 1
0.249004 1
0.171721 1
0.418379 1
0.571826 1
0.156040 1
0.320160 1
0.967691 1
0.286590 1
0.231807 1
0.206267 1
0.181281 1
0.152498 1
0.309742 1
0.115913 1
0.217802 1
0.188000 1
0.333987 1
0.453992 1
0.422140 3
0.213868 1
0.194666 1
0.059579 1
0.306145 2
0.005873 16
0.000017 2
10.570604 2
