0.023699 28
0.001848 54
0.000015 44
0.000009 25
0.000175 118
3.511727 1
0.120026 1
0.109770 1
0.204767 1
0.510531 1
0.154082 1
0.095029 1
0.204708 1
0.137945 1
0.325866 1
0.291779 1
0.168137 1
0.812365 1
0.447793 1
0.071940 1
1.121954 1
0.248693 1
0.132642 1
0.100179 1
0.864489 1
1.270156 1
0.705909 1
0.125877 1
0.288277 1
0.231950 1
0.139974 1
1.062060 1
0.674079 1
0.153147 1
0.358099 1
0.711577 1
0.319383 1
0.422055 1
0.202159 1
0.229840 1
0.096266 1
0.152955 1
0.395165 1
0.151943 47
0.013786 31
1.683295 2
0.026493 84
0.001445 28
0.002245 98
0.000238 25
0.000174 8
0.000049 110
8.312137 1
0.051302 1
0.210456 1
0.112807 1
0.422185 4
0.503974 4
0.002546 4
0.042211 4
0.036382 1
0.031316 1
0.466410 1
0.124078 1
0.606392 1
0.068738 1
0.234628 1
0.523283 4
0.500555 4
0.002360 4
0.032082 4
0.032788 4
0.031114 1
0.031165 1
0.033498 1
0.255166 1
0.109769 1
0.090608 1
0.115949 1
0.116037 1
0.282250 1
0.108433 1
0.168117 1
0.097649 1
0.418928 1
0.116379 1
0.255523 1
0.194227 1
0.537912 4
0.269811 1
0.950577 1
0.210560 1
0.088060 1
0.112399 1
0.166423 1
0.416085 1
0.272466 47
0.048193 39
0.000893 28
0.001210 54
0.000107 187
6.792427 1
0.200730 1
0.381817 1
0.230007 1
0.299025 1
0.385584 4
0.299640 4
0.291077 1
0.743469 1
0.177633 1
0.552378 4
0.251316 1
0.224990 47
0.003728 47
0.000223 28
0.002088 54
0.000080 44
0.000242 25
0.000012 8
0.000048 110
3.521408 1
0.233303 1
0.155479 1
0.211036 1
0.239501 1
0.298470 1
0.287469 1
0.140566 1
1.706002 1
0.503157 1
0.568397 1
0.782274 1
1.093697 1
0.197960 1
0.330905 1
0.765594 11
0.000653 36
0.037736 82
0.000432 29
0.002377 54
0.000208 69
0.000155 118
1.230964 15
0.186889 1
0.511258 1
0.002464 1
0.031832 1
0.037448 1
0.033648 1
0.034343 1
0.033201 1
0.034126 1
0.033332 1
0.032373 1
0.034682 1
0.032097 1
0.032055 1
0.036478 1
0.030852 1
0.030474 1
0.030787 1
0.031037 1
0.030325 1
0.036024 1
0.313102 5
0.127069 5
0.116842 5
0.136361 5
0.194667 5
0.255424 47
0.021887 28
0.001255 54
0.000070 44
0.000020 25
0.000062 8
0.000016 110
1.139908 20
0.260415 69
0.437721 14
0.448188 25
0.501526 58
0.866198 47
0.069649 28
0.001667 54
0.000015 44
0.000009 25
0.000080 118
7.238969 1
0.060939 1
0.115056 1
0.131804 1
0.170680 1
0.790357 1
0.261510 1
0.160269 1
0.467853 1
0.102824 1
0.206906 1
0.106209 1
1.084166 1
0.283365 1
0.127900 1
0.192928 1
0.113879 1
0.305570 1
0.141768 1
0.340381 1
0.280354 47
0.107185 43
0.004997 29
0.001845 54
0.000134 44
0.000053 25
0.000133 8
0.000042 110
2.984869 1
0.114651 1
0.193975 1
0.114368 1
0.281449 1
0.093637 1
0.164615 1
0.624643 1
0.499527 1
0.181480 1
0.133765 1
0.199952 1
0.450293 4
0.543298 47
0.010202 27
0.000487 54
0.000291 28
0.002282 54
0.000130 44
0.000056 25
0.000110 118
0.722074 16
0.154188 1
0.510391 1
0.002755 1
0.032931 1
0.027651 1
0.042961 1
0.030655 1
0.030630 1
0.032172 1
0.038488 1
0.029963 1
0.037021 1
0.033542 1
0.032952 1
0.034218 1
0.033287 1
0.030930 1
0.031216 1
0.030716 1
0.422969 5
0.106693 9
0.076018 5
0.125436 5
0.373416 5
0.227587 2
0.000049 9
0.000048 36
0.055010 28
0.001110 54
0.000182 44
0.000077 25
0.000085 8
0.000035 110
0.762562 21
0.176937 73
1.275852 36
0.592292 11
0.000366 36
0.120382 88
0.001660 107
0.010388 14
6.471351 57
0.001672 23
2.881284 2
0.064589 39
0.010772 111
2.254589 2
0.000222 17
0.289235 2
0.000138 16
0.284039 18
0.277406 2
0.000141 11
0.415799 2
0.042623 34
2.731898 1
0.529862 2
0.058463 28
0.002082 241
4.965867 1
0.111871 1
0.106063 1
0.126905 1
0.272582 1
0.201816 1
0.123649 1
0.523244 4
0.160255 4
0.394236 4
0.816646 1
0.353695 1
0.089858 1
0.295875 11
0.000530 36
1.045840 110
1.772869 1
0.104916 1
0.110494 1
0.147133 1
0.096645 1
0.236472 1
0.121725 1
0.330649 1
0.483223 4
0.186555 4
0.263422 4
0.218257 1
0.114167 1
0.275779 1
0.196545 1
0.375593 1
0.209922 1
1.302787 4
0.499535 4
0.004008 4
0.028380 4
0.029890 4
0.031613 4
0.034745 4
0.031430 4
0.031125 4
0.030233 4
0.029859 4
0.032758 1
0.031238 1
0.030633 1
0.030425 1
0.030160 1
0.498567 1
0.091620 1
0.219274 1
0.147281 1
0.362076 1
0.133272 1
0.830728 1
0.262450 1
0.211225 1
0.102982 1
0.122185 1
0.129341 1
0.415525 1
0.173081 11
0.011230 14
9.260152 2
0.000036 85
4.436062 2
0.030156 39
0.000515 110
6.491024 1
0.042537 1
1.007176 1
0.262904 1
0.253956 1
0.225584 1
0.361759 1
0.804396 1
0.110552 1
0.144933 1
0.139323 1
1.350496 11
0.048672 81
0.032930 2
3.094726 1
0.182207 1
0.295788 1
0.222193 1
0.360564 1
0.189445 1
0.554237 2
0.050103 49
9.150397 2
0.072008 18
7.039405 2
2.524336 79
4.839596 1
0.129596 1
0.246266 1
0.166108 1
0.451487 1
0.192992 1
0.215595 2
0.051016 49
7.898637 2
0.031214 14
28.294645 2
0.000049 78
9.398774 80
3.571669 2
0.034685 89
1.942023 90
0.001499 2
2.773958 1
0.130389 1
0.281250 1
0.156594 1
0.245942 1
0.207623 1
0.353269 2
0.035178 49
5.074059 2
0.051990 14
2.263806 2
0.038713 21
2.338794 2
0.086202 39
0.000123 2
6.005913 2
0.001522 110
1.642588 1
0.124245 1
0.113729 1
0.117413 1
0.149215 1
0.537313 1
0.111118 1
0.877332 1
0.667231 1
0.088402 1
0.248190 1
0.219961 1
0.345276 1
1.369433 1
0.269054 1
0.112995 1
0.099938 1
0.482025 1
0.332935 1
0.676017 1
0.235699 1
0.344988 1
0.223339 1
0.552092 1
0.416509 1
0.245341 1
0.459739 1
0.107714 1
0.114166 1
0.298303 1
0.854262 1
0.162162 1
0.265999 11
0.037605 110
3.808187 1
0.072470 1
0.129052 1
0.372396 1
0.135064 1
0.435808 1
0.281433 1
0.197642 1
0.205785 1
0.586548 1
0.255854 1
0.151952 1
0.110080 1
0.148136 1
0.174821 1
0.356865 11
0.002600 304
0.000298 110
6.603587 1
0.031269 1
0.114588 1
0.106529 1
0.427800 1
0.819431 1
0.149072 1
0.392695 1
0.117475 1
1.520734 1
0.260289 1
0.215617 1
0.150329 1
0.117312 1
0.143380 1
0.111305 1
0.403803 11
0.020739 110
5.429090 1
0.543452 1
0.225469 1
0.089373 1
0.293865 2
0.000170 17
2.005647 1
0.522927 1
0.171070 1
1.572067 1
0.169394 1
0.584295 1
1.638278 1
0.526542 2
0.000113 16
3.215328 1
0.127305 1
0.333223 1
0.303310 1
0.769284 1
0.322741 1
0.310033 1
0.250889 2
0.000128 16
2.457399 1
0.244579 1
0.628147 1
0.365261 1
0.176183 1
0.204412 1
0.243942 1
0.377442 2
0.000089 11
0.883641 2
0.038576 110
3.617909 1
0.113745 1
0.210178 1
0.092554 1
0.200590 1
0.199517 1
0.069931 1
2.261191 1
0.150491 1
0.113411 1
0.225053 1
0.428970 1
0.298283 1
0.107110 1
0.196546 1
0.129777 1
0.568131 1
1.599950 1
0.110481 1
0.153668 1
0.238247 1
0.622291 1
1.281049 1
0.173998 1
0.244175 1
0.206986 1
0.276054 1
0.169849 1
0.169363 1
0.333815 1
0.230605 1
0.306339 11
0.040641 38
0.000199 110
8.063243 1
0.063310 1
0.240467 1
0.264176 1
0.387888 1
0.231150 1
0.131554 1
0.625112 1
0.526350 1
0.219222 1
0.246159 1
0.892254 1
0.127755 1
0.228012 1
0.241911 1
0.168181 1
0.217345 1
0.308121 1
0.224723 1
0.122879 1
0.124633 1
0.162108 1
0.357762 1
0.236629 2
0.000025 9
0.069781 110
0.976090 23
0.195037 36
1.738302 52
0.671621 47
0.865224 2
0.000016 9
0.054003 122
0.000052 102
11.207373 1
0.064563 1
0.125648 1
0.117801 1
0.144250 1
0.742110 1
0.253839 1
0.245626 1
0.236963 1
0.262768 1
0.330294 1
0.149204 1
0.184814 1
0.590652 4
0.499754 4
0.003263 4
0.031433 4
0.034814 4
0.041809 4
0.040976 4
0.031075 4
0.034193 4
0.033453 4
0.032873 4
0.033500 4
0.033921 4
0.033916 1
0.043331 1
0.032372 1
0.031159 1
0.029995 1
0.360796 1
0.242756 1
0.184328 1
0.179858 1
0.225757 1
0.454326 1
0.118029 1
0.199843 1
1.872655 1
0.689517 1
0.178749 1
0.221270 1
0.207636 1
0.222011 1
0.186228 1
0.744512 11
0.057199 110
2.400162 1
0.152041 1
0.190971 1
0.095178 1
0.162990 1
0.205414 1
0.069397 1
1.518215 1
0.163594 1
0.421574 1
0.459836 1
1.342416 1
0.364551 1
0.140354 1
0.130796 1
0.220698 1
0.149937 1
0.198515 1
0.766958 1
0.639725 1
0.156972 1
0.120320 1
0.219871 1
0.145691 1
0.413733 2
0.000431 9
0.024703 110
13.202860 1
0.126722 1
0.110108 1
0.241581 1
0.174099 1
0.222223 1
0.001110 1
1.231132 4
0.171932 4
0.319160 1
0.115524 1
2.403405 1
0.143504 1
0.407481 1
0.296169 1
0.203681 1
0.129694 1
0.125503 1
0.215599 1
0.137620 1
0.615168 1
0.467526 1
0.125102 1
0.110307 1
0.218097 1
0.153541 1
0.148311 1
0.635073 11
0.048255 110
1.887921 1
0.117816 1
0.182834 1
0.095774 1
0.236506 1
0.211965 1
0.083612 1
0.238057 1
0.113815 1
0.572432 1
0.435658 1
0.426309 1
0.524031 1
0.103551 1
0.123820 1
0.210641 1
0.149868 1
0.182587 1
0.453463 1
1.242815 1
0.161363 1
0.115573 1
0.153811 1
0.098486 1
0.118491 1
0.112809 1
0.621966 2
0.000556 9
0.005866 40
0.001395 110
0.941406 1
0.080003 1
0.994069 1
0.177982 1
0.362081 1
0.381643 1
0.173941 1
0.229759 1
0.257728 1
0.220244 1
0.139744 1
0.530895 1
0.121357 1
0.163817 1
0.121173 1
0.323062 11
0.063904 110
0.620339 15
0.185782 54
0.299130 2
0.000236 9
0.025657 110
4.111338 1
0.267782 1
0.158193 1
0.185720 1
0.242533 1
0.393740 1
0.179749 1
0.080445 1
0.553981 1
0.253413 1
0.377857 1
0.584324 1
0.353969 1
0.105629 1
0.120203 1
0.115385 1
0.106731 1
0.195739 1
0.497979 1
0.286146 1
0.122040 1
0.370074 1
0.375976 1
0.191813 1
0.151989 1
1.240162 1
0.196075 1
0.203888 1
1.899097 3
1.990319 3
0.224935 3
0.189435 1
0.761187 11
0.044486 110
5.134585 1
0.204151 1
0.167034 1
0.219792 1
0.228735 1
0.298031 1
0.140230 1
0.189800 1
0.294322 1
0.634785 1
0.106910 1
0.238102 1
0.419706 1
0.107612 1
0.241692 1
0.749624 2
0.000133 9
0.044344 110
3.435645 1
0.094734 1
0.114692 1
0.129568 1
0.143454 1
0.252979 1
0.482721 4
0.506492 4
0.003157 4
0.040595 4
0.032883 4
0.034430 4
0.033340 1
0.029053 1
0.030760 1
0.030654 1
0.222588 1
0.098918 1
0.194297 1
0.087927 1
0.223971 1
0.100952 1
0.155046 1
0.946546 1
0.221859 1
0.114181 1
0.164033 1
0.561873 1
0.154146 1
0.113385 1
0.210716 1
0.154900 1
0.387408 11
0.052106 110
0.007774 110
14.267560 1
0.054969 1
0.114401 1
0.131275 1
0.197446 1
0.283894 1
0.088984 1
0.210342 1
0.752303 1
0.454357 4
0.500488 4
0.002770 4
0.032500 4
0.033218 4
0.040389 4
0.043680 4
0.033162 4
0.031195 4
0.033962 1
0.031352 1
0.031070 1
0.064267 1
0.078234 1
0.206422 1
0.400785 1
0.353114 1
0.182083 1
0.295181 1
0.275695 1
0.218195 1
1.213460 1
0.089601 1
0.138160 1
0.644837 1
0.378402 1
0.000096 3
0.511529 2
0.000048 9
0.003655 889
0.000105 516
0.000014 160
0.000490 110
60.692355 1
0.024744 1
0.198908 1
0.131442 1
0.523606 1
0.182673 1
0.167539 1
0.216694 1
0.333835 1
0.117905 1
0.200291 1
0.262156 1
0.749152 1
0.243921 1
0.130684 1
0.177548 1
0.364308 1
2.045641 1
0.214096 1
0.238339 1
0.190814 1
0.269130 1
0.104667 1
0.217940 1
1.345389 1
0.174206 1
0.107365 1
0.312439 1
0.274256 1
0.295274 1
0.101971 1
0.191085 1
0.116885 1
0.264056 1
0.520207 1
0.234703 1
0.233751 1
0.123939 1
0.217795 1
0.124022 1
0.849897 1
0.346296 1
0.889347 1
1.416745 1
0.141619 1
0.109911 1
0.211440 1
0.120329 1
0.367902 1
0.376521 1
0.113048 1
0.104418 1
0.179578 1
0.274073 1
1.526310 4
0.223969 4
0.167575 4
0.190198 4
0.169022 4
0.290447 1
0.147725 1
0.142770 1
0.371304 1
1.657507 1
0.191148 1
0.330522 1
0.560849 1
1.599483 1
0.170559 1
0.239396 1
0.717269 1
0.189631 1
0.233078 1
0.118698 1
0.239971 1
0.176745 1
0.522821 1
0.456684 11
0.011817 38
0.000211 8
0.001560 102
3.464580 1
0.106084 1
0.186637 1
0.102358 1
0.248063 1
0.099626 1
0.129146 1
0.174283 1
0.404728 4
0.610226 1
0.313618 1
0.133213 1
0.217158 1
0.140128 1
0.280493 1
0.233679 2
0.000038 9
0.045275 110
0.447855 13
0.190083 89
0.546602 2
0.000018 9
0.045252 8
0.000057 102
13.604811 1
0.038195 1
0.115885 1
0.113534 1
0.143073 1
0.252837 1
0.117657 1
0.190006 1
0.117877 1
0.506657 1
0.287743 1
0.161369 1
0.220999 1
0.220596 1
0.103172 1
0.200021 1
0.127877 1
0.315764 1
0.178915 11
0.015581 83
0.001448 8
0.000007 102
2.582464 18
0.229733 85
0.449896 172
0.826790 4
0.165504 1
0.236009 11
0.002636 38
0.001170 110
1.441560 13
0.369600 47
0.641341 47
0.228490 16
1.704021 1
0.213787 1
0.187834 1
0.193738 1
0.232657 1
0.218811 1
0.101096 1
0.153154 1
0.674180 1
0.253610 1
0.100029 1
0.219908 1
0.141811 1
0.260548 1
0.264346 2
0.000044 9
0.029267 8
0.000100 102
0.698278 14
0.208414 49
0.498885 47
1.189243 11
0.066386 110
8.801297 1
0.039661 1
0.127426 1
0.121876 1
0.140103 1
0.326856 1
0.110095 1
0.183998 1
0.134917 1
0.271495 1
0.199640 1
0.149946 1
0.790090 1
0.187682 1
0.286239 1
1.320460 1
0.220046 1
0.086926 1
0.220134 1
0.156011 1
0.330166 1
0.278150 1
0.250400 1
0.092966 1
0.224946 1
0.181471 1
0.236527 1
0.469970 11
0.091144 110
1.723206 1
0.101950 1
0.139959 1
0.185257 1
0.477732 1
0.182993 1
0.124658 1
0.199003 1
0.093225 1
0.498171 1
0.105356 1
0.219004 1
1.096047 1
0.155792 1
0.053705 1
0.269095 1
0.313384 1
0.096544 1
0.219937 1
0.151665 1
0.406957 1
0.232665 11
0.046466 110
0.005328 110
7.255749 1
0.036109 1
0.225076 1
1.019797 1
0.439958 1
0.225738 1
0.209280 1
0.394929 1
0.337428 1
1.620307 1
0.095949 1
0.231522 1
0.210178 1
0.234302 1
0.257656 1
0.148265 1
0.436090 1
0.509971 1
0.493737 1
0.200625 1
0.120023 1
0.309639 1
0.181906 1
0.189760 1
2.321568 4
0.509587 4
0.003789 4
0.037893 4
0.032344 4
0.031410 4
0.035336 4
0.032773 4
0.033651 4
0.033684 4
0.034094 4
0.152413 4
0.189380 4
0.174925 4
0.181270 4
0.507153 1
0.254877 1
0.164376 1
0.091711 1
0.203726 1
1.215866 6
0.805065 11
0.004178 3
0.000450 662
0.000038 2048
0.000012 240
0.000031 269
0.000023 16
0.000006 1
0.000560 2892
0.000223 110
5.668288 1
0.023906 1
0.137581 1
0.101579 1
0.109926 1
0.204957 1
0.089761 1
0.193927 1
0.110070 1
0.380044 1
0.149868 1
0.196044 1
0.668036 1
0.347898 1
0.108978 1
0.217766 1
0.131390 1
0.330248 1
0.512532 11
0.062904 110
1.157067 1
0.119649 1
0.099367 1
0.137830 1
0.251190 1
0.302905 1
0.158578 1
0.442140 4
0.504975 4
0.003019 4
0.037815 4
0.041486 4
0.030722 4
0.036199 4
0.032424 1
0.182637 1
0.099860 1
0.252126 1
0.158348 1
0.331715 1
0.179312 1
1.250714 1
0.564616 1
0.107322 1
0.228330 1
0.185664 1
0.597983 1
0.980873 2
0.000017 9
0.012151 14
3.610081 2
0.000013 57
0.000035 21
1.712664 2
0.077218 39
0.001941 110
2.176505 1
0.328571 1
0.092931 1
0.201120 1
0.304230 1
0.186137 1
0.081958 1
0.206321 1
0.159312 1
0.404249 1
0.373975 1
1.632517 1
0.127652 1
0.232187 1
0.200361 1
0.967596 4
0.122991 1
0.212144 2
1.692297 1
0.124380 1
0.096095 1
0.541115 1
0.450968 1
0.000159 3
0.333665 11
0.002074 227
7.332753 1
0.076311 1
0.064613 1
0.214117 1
0.127055 1
0.870091 1
0.337937 1
0.293097 1
1.390407 1
0.348041 1
0.261706 1
0.371225 1
0.570391 1
0.685924 1
0.272207 1
0.103521 1
0.177777 1
0.352555 1
0.085203 1
0.440611 1
0.248625 1
0.078787 1
0.206701 1
0.168540 1
0.394391 1
0.259735 11
0.046384 110
2.837149 1
0.121092 1
0.257272 1
0.161316 1
0.198646 1
0.413058 1
0.818490 1
0.113018 1
0.092795 1
0.888405 1
0.187391 1
0.124580 1
0.219644 1
0.174573 1
0.383414 1
0.224368 2
0.000013 9
0.024786 137
6.674459 15
0.148160 57
0.894219 51
1.264351 2
0.000105 9
0.004529 49
0.001364 110
6.135727 1
0.145107 1
0.185778 1
0.223235 1
0.226305 1
0.282045 1
0.184850 1
0.184851 1
1.317772 1
0.800690 1
0.225947 1
0.326148 1
0.221752 1
0.125561 1
0.076182 1
0.423869 1
0.538094 1
0.694555 1
0.206400 1
0.451062 1
0.198349 1
0.111540 1
0.199737 1
0.553344 11
0.056170 110
6.929603 1
0.050793 1
0.202646 1
0.098487 1
0.191493 1
0.228674 1
0.086874 1
1.382574 1
0.191311 1
0.621106 1
0.355276 1
0.287352 4
0.188339 4
0.216880 1
0.387844 1
1.309253 1
0.276475 1
0.147960 1
0.118375 1
0.233654 1
0.132009 1
0.183668 1
0.662990 1
0.965120 1
0.469787 1
0.190027 1
0.214307 1
0.163639 1
1.377979 4
0.216050 4
0.160325 4
0.182252 4
0.153863 4
0.355990 1
0.102823 1
0.202664 1
0.083973 1
0.390397 2
0.000413 9
0.050056 110
9.526730 1
0.158850 1
0.180180 1
0.209794 1
0.298519 1
0.375271 1
0.192095 1
0.123797 1
2.158866 1
0.115534 1
0.365639 1
10.045947 1
0.491760 1
0.890967 1
0.166419 1
0.186019 1
0.139421 1
0.726428 1
1.537851 1
0.385304 1
1.452121 4
0.590274 4
0.399644 1
0.505394 1
0.003213 1
0.040632 1
0.216957 1
0.514165 15
0.117773 11
0.273961 3
0.507018 3
0.003914 3
0.038261 3
0.033275 3
0.032890 1
0.030748 1
0.030392 1
0.252893 1
0.438448 1
0.177979 1
0.105512 1
0.230466 1
0.116100 1
0.245988 1
1.000558 11
0.023959 110
1.781557 1
0.106810 1
0.112782 1
0.122545 1
1.668063 1
0.284039 1
0.226306 1
0.423829 1
0.231976 1
0.223987 1
0.362800 1
0.191139 1
0.093625 1
1.952291 1
0.366075 1
0.181506 1
0.444750 1
0.377495 1
0.164301 1
0.099654 1
0.391717 1
0.204343 1
0.185912 1
0.145899 1
0.133802 1
0.128563 1
0.421729 11
0.014741 39
0.001183 110
24.535293 1
0.030526 1
0.284550 1
1.637773 4
0.211925 4
0.163911 4
1.627986 1
0.064464 1
0.663020 2
0.000024 9
0.000237 60
1.545246 1
0.121968 1
0.186874 1
0.649896 1
0.466558 1
0.115991 1
0.108297 11
0.007529 645
0.000261 60
4.379776 1
0.106468 1
1.969525 4
0.183689 4
0.895030 1
0.121541 1
0.110085 1
0.311975 1
0.405926 1
0.782064 1
0.399764 1
0.139894 1
0.230669 1
0.000097 2
0.995873 1
0.880657 2
0.367065 11
0.039007 62
0.000413 7
0.000471 6
0.006289 30
0.000287 70
0.001098 1071
0.000007 5
0.000410 1094
0.000022 674
0.000004 556
0.000032 255
0.000011 141
0.000013 100
0.000050 8
0.000020 7
0.000017 23
2.270536 6
0.000140 25
0.032679 6
0.000073 12
0.000006 5
0.060254 23
0.644416 6
0.000059 12
0.000043 5
0.052077 6
0.000198 12
0.000054 14
0.000065 294
0.000009 114
0.032015 6
0.000278 12
0.000220 47
0.000009 255
0.066263 6
0.000133 12
0.000060 16
0.000061 128
0.000010 33
0.000004 21
0.399535 653
0.021108 6
0.000287 28
0.000159 164
0.000009 99
0.029883 287
0.023437 6
0.001360 388
0.038279 321
0.275161 6
0.000364 28
0.000127 18
0.000049 38
0.000050 9
0.000044 11
0.015718 6
0.000036 12
0.019296 6
0.000074 12
0.015490 6
0.000092 12
0.037429 6
0.000065 12
0.033529 18
0.282011 18
0.032478 18
0.000141 18
0.034560 18
3.157283 36
0.000123 19
0.128151 19
0.109667 19
0.383851 18
0.000044 1
0.000078 29
0.960226 35
0.850969 21
0.179138 6
0.000174 12
0.000049 28
0.384413 19
1.111103 18
0.000083 28
0.205503 6
0.000016 12
0.000078 17
0.000007 11
0.198670 6
0.000114 12
0.000053 17
0.000006 11
0.279541 6
0.000048 12
0.000073 1
0.000017 30
0.198133 6
0.000109 12
0.000054 1
0.000101 30
0.145400 18
0.000105 31
0.264188 18
0.000132 17
0.000058 11
0.185314 6
0.000065 12
0.000030 17
0.000045 11
0.221968 18
0.000103 28
0.172192 18
0.000146 30
0.173294 6
0.000021 12
0.000084 17
0.000031 11
1.608270 6
0.000109 29
0.000050 11
0.193915 6
0.000064 12
0.000052 17
0.000017 11
0.513910 18
0.000073 17
0.000009 11
0.757722 18
0.000321 28
0.167630 18
0.000403 28
0.207399 46
0.117504 18
0.000309 28
1.442757 18
0.000079 28
0.350767 21
0.870988 15
0.000007 23
0.002312 6
0.036283 93
0.707349 6
0.000307 66
0.000683 60
27.348902 1
0.031461 1
0.103955 1
0.243952 1
0.254568 1
0.173630 1
0.096011 1
0.521973 1
0.219748 1
0.161822 1
0.742825 1
0.713723 1
0.953982 1
0.315636 1
0.188089 1
0.079990 1
0.169513 1
0.178593 1
0.845736 1
0.247768 1
0.100349 1
0.244288 2
0.000046 9
0.102510 74
0.010604 60
1.532044 21
0.260098 1
0.499327 1
0.004618 1
0.026600 1
0.030357 1
0.029930 1
0.030055 1
0.030688 1
0.030258 1
0.030271 1
0.030044 1
0.030470 1
0.975993 1
0.625072 1
0.196276 1
0.181072 1
0.326336 5
0.339522 2
0.000542 9
0.112925 31
0.008483 60
3.383558 1
0.126571 1
0.218022 1
0.166271 1
0.141025 1
0.163435 1
0.241202 11
0.006038 60
5.789984 1
0.440190 1
0.390270 1
0.104125 1
0.286162 1
0.085105 1
0.352247 4
0.178339 4
0.280494 1
0.109006 1
0.213342 1
0.089100 1
0.125740 1
0.201551 11
0.007511 21
0.000276 60
5.132999 1
0.104900 1
0.061316 1
0.237724 1
0.195402 2
0.000019 9
0.108805 74
0.010684 60
1.809734 1
0.117693 1
0.183625 1
0.501386 4
0.175896 4
0.177965 4
0.182224 1
0.151103 1
0.115152 1
0.457397 1
0.097739 1
0.212929 1
0.107599 1
0.113375 1
0.128345 1
0.118305 1
0.166694 1
0.596475 1
1.272434 1
0.269210 1
0.235009 1
0.597546 1
0.164543 1
0.418223 1
0.674739 2
0.000025 9
1.033361 124
1.011553 250
1.001393 250
1.015267 250
1.006118 250
1.013976 250
1.000822 250
1.003017 124
0.000201 126
1.001152 250
1.004850 250
1.010874 251
0.811695 2
0.000914 62
4.798762 30
0.000070 60
0.853182 17
0.010667 30
0.014876 54
0.000932 44
0.000294 25
0.000224 118
1.895586 7
0.318609 17
0.286829 20
0.287764 10
0.591595 1
0.116834 1
0.093589 1
0.119091 1
0.094530 1
0.148211 1
0.128468 1
0.097037 1
0.140390 1
0.393228 1
0.176381 1
0.083958 1
0.127084 1
0.102702 1
0.107071 1
0.178009 1
0.071151 1
3.396078 1
0.266157 1
0.226028 1
0.446114 1
0.264944 1
0.504840 1
0.059918 1
0.488517 4
0.635084 47
1.015867 124
1.000882 250
1.005623 250
1.004060 250
0.814769 2
0.002457 32
0.001442 98
0.000012 25
0.000062 118
1.388594 1
0.179397 1
0.326984 1
0.189677 1
0.289165 1
0.805315 1
0.163758 1
0.137836 1
0.132163 1
0.471353 121
0.001014 98
0.000024 25
0.000058 8
0.000016 110
1.109010 9
0.147478 1
0.499554 1
0.002501 1
0.028555 1
0.030360 1
0.030227 1
0.030083 1
0.031204 1
0.029509 1
0.030153 1
0.030150 1
0.030190 1
0.030377 1
0.236927 5
0.123008 5
0.067883 5
0.122461 5
0.112523 5
1.355798 47
0.017333 28
0.001593 54
0.000056 69
0.000102 118
0.577577 14
0.195026 45
0.581314 32
0.614440 11
0.000064 36
1.023765 368
0.016017 62
0.017277 64
0.028190 66
0.122315 99
0.001085 33
0.034898 28
0.067293 29
0.012732 29
0.209499 34
0.000899 66
0.086032 73
0.071520 88
1.191506 1
1.911964 2
0.009694 22
0.532719 34
0.033104 174
0.005727 62
0.281224 118
0.000038 51
0.001460 243
0.066122 74
0.000084 33
0.000033 2
0.288271 16
0.030457 82
0.001852 259
0.010415 26
0.007429 26
0.001313 26
0.008069 26
0.004235 26
0.001207 26
0.000322 26
0.001527 26
0.008532 26
0.011022 101
0.007433 318
0.001717 291
0.004438 43
0.010525 323
0.019073 62
0.009846 60
0.000135 2
0.000083 45
0.000007 308
0.000004 2
0.002131 46
0.016071 387
0.017108 49
0.006210 100
0.000605 374
0.006321 33
0.010532 451
0.038664 42
0.000221 2
0.002901 483
0.001306 515
0.001088 47
0.000924 547
0.132922 579
0.001389 34
0.005073 502
0.000011 109
0.003421 55
0.060486 6
0.371781 146
0.351725 68
0.000507 2
0.001357 45
0.000662 598
0.006236 47
0.582909 56
0.116401 20
0.959530 28
0.001343 54
0.000023 44
0.000021 25
0.000067 118
1.290456 1
0.104759 1
0.102565 1
0.148680 1
0.349744 1
0.539152 1
0.110408 1
0.287876 47
0.944813 14
0.001060 110
0.723938 18
1.449150 11
0.010922 29
0.019996 62
0.000425 64
0.037992 66
0.103786 99
0.000881 33
0.020666 50
0.011872 28
0.057430 29
0.009913 29
0.252891 73
0.144212 110
0.290094 18
0.241450 25
0.956734 13
0.697736 17
3.340588 111
3.392954 111
2.832132 111
1.773288 111
12.686406 1
0.131082 1
0.133755 1
0.742362 1
0.261832 1
0.166225 1
0.121445 1
0.105078 1
0.156816 11
0.002270 2040
0.000205 110
3.502729 1
0.098719 1
0.089848 1
0.311123 1
0.393959 11
0.001929 2048
0.000061 617
0.000087 8
0.001884 102
20.412507 4
0.603755 1
0.124674 1
0.103293 1
0.230735 1
0.198002 1
0.133868 1
0.415232 4
0.174698 1
0.470787 4
0.159104 1
0.296166 11
0.003130 42
0.002001 110
67.968637 17
0.041604 28
0.002683 54
0.000989 187
0.710183 17
