0.027951 28
0.001121 49
0.000106 39
0.000071 25
0.000271 108
5.504502 1
0.124176 1
0.715552 1
0.101253 1
0.133579 1
0.538026 1
0.964008 1
0.161181 1
0.285651 2
0.452645 1
0.193302 1
1.090803 47
0.006383 28
0.002411 221
2.377632 1
0.096348 1
0.364774 1
0.410148 1
0.448056 1
0.511771 4
0.182020 4
0.295354 1
0.092101 1
0.213626 2
0.321520 1
0.188543 1
0.190857 11
0.000676 64
0.002168 54
0.001016 69
0.000705 118
3.542481 1
0.105462 1
0.241929 1
0.137082 1
0.113449 1
0.743788 1
0.315669 1
0.085669 1
0.267098 1
0.528593 1
0.528513 1
0.123314 1
0.204828 1
0.163877 1
0.349880 1
0.147318 1
0.231392 1
0.249797 1
1.393821 47
0.005984 28
0.003356 241
1.757827 1
0.114353 1
0.208244 1
0.169597 1
0.169450 1
0.084567 1
0.374388 1
0.378390 1
0.422648 8
0.414717 2
0.000013 9
0.000073 36
0.125414 355
0.008427 30
0.001620 241
3.918840 1
0.077315 1
0.144637 1
0.296902 4
0.166647 4
0.506536 4
0.002057 1
0.030833 1
0.034096 1
0.029056 1
0.029283 1
0.030803 1
0.033236 1
0.031368 1
1.420850 1
0.151867 1
0.188247 1
0.787524 1
0.095053 1
0.256588 10
0.385223 11
0.000504 36
0.015728 72
0.000400 2115
0.000032 2047
0.000247 2333
7.906829 14
1.888286 16
0.053851 13
0.367490 13
0.188600 13
0.765808 48
4.638181 14
0.639648 13
0.657775 13
0.304287 1
0.408454 47
0.238811 1
0.934713 14
0.672393 21
0.876689 14
0.276287 13
0.360924 36
0.480388 27
0.689183 1
2.596674 14
1.613555 13
0.278541 13
0.142194 13
0.097276 13
0.807174 13
1.162597 62
0.723552 27
1.097128 70
1.561370 14
1.077698 18
1.436807 35
0.662458 27
0.333773 27
0.330627 27
0.245501 1
1.720872 14
0.844473 13
0.479909 13
0.328015 13
0.446046 13
0.228720 13
0.459365 27
2.401976 13
0.218539 13
0.233614 13
0.252906 13
0.319318 13
1.033942 27
0.796828 13
0.289018 13
0.103396 13
0.280308 13
0.492129 13
0.770095 27
0.473757 13
0.254726 13
0.153538 13
0.242093 13
0.299830 13
0.335688 13
0.169996 13
0.801768 27
0.676388 13
0.266070 13
0.135405 13
0.136740 13
0.130333 13
0.299591 13
0.350284 27
0.573378 13
0.276159 13
0.186668 13
0.117070 13
0.184649 13
0.135533 13
0.230253 13
2.174685 27
0.307088 27
0.325751 27
0.340646 29
7.379904 13
0.238005 13
0.128145 13
0.503820 13
0.128810 13
0.412764 13
0.212571 13
0.093043 13
1.574787 29
1.037981 13
0.276607 13
0.200000 13
0.387532 13
0.125935 13
0.351514 29
2.046474 13
0.249976 13
0.113633 13
0.114719 13
0.187696 13
2.284886 29
0.197189 29
0.217902 29
0.997733 20
0.708849 30
0.863622 1
0.243723 1
0.466471 34
0.035194 27
0.000173 62
0.001220 28
0.002204 54
0.000789 69
0.000181 8
0.000059 110
3.035771 1
0.101071 1
0.270943 1
0.428424 1
0.187306 1
0.071864 1
0.288571 10
0.355808 47
0.004964 83
0.001252 28
0.002940 54
0.000209 69
0.000226 118
2.346069 1
0.128590 1
0.225438 1
0.196663 1
0.119079 1
0.302952 1
0.866418 1
1.667023 1
0.055452 1
0.219261 10
0.315342 11
0.000014 36
0.005063 188
0.000745 28
0.003455 241
3.158120 1
0.145602 1
0.416783 21
0.726760 24
0.738462 1
0.209040 1
0.086428 1
0.351113 1
0.301938 9
0.349561 11
0.000506 36
0.002428 71
0.000007 27
0.000004 9
0.000004 9
0.000004 7
0.000004 10
0.000004 6
0.000004 6
0.000004 8
0.000004 6
0.000003 9
0.000004 2
0.000004 9
0.000003 7
0.000004 2
0.000782 28
0.004136 123
0.000018 118
5.399644 1
0.105819 1
0.287597 1
0.162043 1
0.132300 1
0.097482 1
0.578635 1
0.199649 1
0.082442 1
1.814118 10
0.427557 2
0.000040 45
0.005090 75
0.000240 28
0.003253 241
6.168995 1
0.067575 1
0.458166 4
0.266124 1
0.422892 1
0.137249 1
0.187990 1
0.734750 1
0.685191 1
0.073652 1
0.368844 1
0.297816 9
0.291063 11
0.000038 36
0.004739 33
0.000241 40
0.000864 28
0.002550 54
0.000172 44
0.000057 25
0.000331 118
1.087413 18
0.489331 1
0.500553 1
0.002128 1
0.029626 1
0.031565 1
0.031357 1
0.033539 1
0.031855 1
0.029883 1
0.030944 1
0.343475 1
0.208291 1
0.183575 1
0.536164 9
0.298283 5
0.313787 11
0.000632 36
0.003618 6
0.000724 210
0.002513 54
0.000204 44
0.000065 25
0.000149 8
0.000047 110
4.250901 1
0.092711 1
0.242564 1
0.286149 1
0.119636 1
0.139883 1
0.585926 1
0.229106 1
0.104909 1
0.269057 1
0.889523 1
0.156753 8
0.343559 11
0.000014 36
0.004022 146
0.000826 28
0.002796 54
0.000150 44
0.000036 25
0.000164 8
0.000012 110
3.447823 1
0.114692 1
0.084836 1
0.185189 1
0.582449 1
0.150428 1
0.402233 1
0.665627 1
0.176077 1
0.183972 1
0.828851 4
0.194766 4
0.546447 1
0.244205 1
0.237011 1
0.063295 1
0.372082 1
0.321936 9
0.286558 47
0.003606 47
0.000633 28
0.002238 241
2.343660 1
0.120447 1
0.174726 1
0.319491 1
1.421995 1
0.139163 1
3.552121 1
0.289279 1
0.769466 1
0.377850 1
0.940087 1
0.081975 1
0.232171 1
0.352039 9
0.290900 47
0.003949 30
0.000797 28
0.002603 54
0.000287 44
0.000093 25
0.000170 8
0.000071 110
6.469405 1
0.003015 1
0.200581 1
0.210210 1
0.208318 1
0.310544 1
0.087272 1
0.270289 1
0.273423 9
0.322450 47
0.004316 12
0.000014 15
0.000032 16
0.000009 22
0.000009 9
0.000008 9
0.001059 28
0.002391 54
0.000145 69
0.000166 118
2.912973 17
0.184049 1
0.499638 1
0.002027 1
0.029243 1
0.031504 1
0.032012 1
0.035214 1
0.031595 1
0.035479 1
0.032251 1
0.035633 1
0.257729 1
0.178201 1
0.371165 9
0.173306 5
0.173529 5
0.240756 47
0.004934 83
0.000879 28
0.002699 241
34.150041 1
0.104373 1
0.534928 1
0.052359 1
0.144962 1
1.162139 1
0.342243 1
0.117118 1
0.089335 1
0.133176 1
0.524701 1
0.919328 1
0.163867 1
0.303936 11
0.000194 36
0.005659 28
0.003688 54
0.000146 69
0.000161 118
4.559500 1
0.073472 1
0.259617 1
1.004500 1
0.077019 1
0.213613 6
0.302386 11
0.000007 36
0.000186 28
0.006811 62
0.000320 52
0.000270 25
0.000930 134
0.527855 1
0.085952 1
0.188161 1
0.118191 1
0.171800 1
0.228630 1
0.171793 47
0.008478 9
0.003295 28
0.002262 62
0.000137 77
0.000183 134
1.586557 6
0.335647 1
0.867384 3
0.281472 11
0.000116 36
0.008545 126
0.000451 28
0.003792 273
10.281364 7
0.787722 4
0.184179 4
0.623406 1
0.782193 1
0.216153 1
0.299804 11
0.000035 36
0.006622 126
0.002304 28
0.002895 273
5.375545 8
1.009302 1
0.360989 2
0.001787 9
0.000025 36
0.008088 7
0.000481 135
0.000551 28
0.002553 62
0.000124 52
0.000011 25
0.000169 134
6.300268 1
0.074633 1
0.096138 1
0.854007 1
0.134684 1
0.137904 1
0.507993 1
0.073755 1
0.255370 10
3.125016 1
0.488612 11
0.000603 36
0.001968 66
0.004104 28
0.003225 62
0.000189 77
0.000361 134
1.048980 19
0.154522 1
0.507347 1
0.009248 1
0.029225 1
0.029031 1
0.028156 1
0.033658 1
0.046943 1
0.029464 1
0.035687 1
0.033941 1
0.038631 1
0.026007 1
0.032579 1
0.028846 1
0.036076 1
0.037797 1
0.033377 1
0.031809 1
0.032116 1
0.031292 1
0.034182 1
0.036121 1
0.025777 1
0.038193 1
0.035348 1
0.025931 1
0.034161 1
0.036669 1
0.029879 1
0.302843 5
0.134720 5
0.074237 5
0.119629 5
0.181731 5
0.284291 47
0.011669 31
1.746236 2
0.030097 28
0.007185 62
0.000228 52
0.000056 25
0.000160 8
0.000041 126
1.604083 1
0.092364 1
0.163301 11
0.001215 36
0.010123 28
0.002979 62
0.000154 52
0.000042 25
0.000152 8
0.000037 126
1.018070 1
0.102301 1
0.147142 1
1.054730 1
0.233097 1
0.090616 1
0.169966 47
0.006641 126
0.000515 28
0.002603 62
0.000295 52
0.000137 25
0.000289 134
3.823597 1
0.107394 1
0.153508 1
0.754771 4
0.267327 4
0.184274 4
1.160393 1
0.102703 1
0.394852 1
0.773572 1
0.179382 1
0.195469 1
0.399551 1
0.094761 1
0.322059 10
0.648351 1
0.113867 1
0.304633 11
0.000143 36
0.007078 28
0.001924 62
0.000125 77
0.000103 134
0.745817 1
0.075724 1
0.139668 1
0.065560 1
0.190612 1
0.091380 1
0.129402 11
0.000132 36
0.006716 181
0.001654 28
0.002933 273
5.739853 1
0.628137 1
0.325587 1
0.986687 1
0.257069 1
0.086368 1
0.398910 1
0.235386 9
0.438241 47
0.001491 56
1.798088 1
0.165671 2
0.000783 81
0.002718 62
0.000727 211
1.405785 1
0.100157 1
0.106780 1
0.197483 1
0.565933 1
0.878367 1
0.080368 1
0.139909 1
1.134927 1
0.387477 1
0.098664 1
0.305941 10
0.354078 11
0.000779 36
0.029205 28
0.003239 62
0.000021 77
0.000353 134
14.292300 1
0.037129 1
0.437112 23
0.270635 73
0.690676 27
0.516893 22
0.200682 73
0.794389 26
0.315092 23
0.214622 73
0.266179 27
0.498533 26
7.711070 1
0.060844 1
0.594454 1
0.151475 1
0.144541 1
0.190115 1
0.168066 1
0.449981 11
0.000082 36
0.003177 28
0.005626 273
4.568981 1
0.110700 1
1.489750 1
0.313747 1
0.096106 1
0.638000 1
0.350725 5
1.166665 1
0.243618 1
0.248361 1
0.245719 1
11.480929 1
0.273475 1
0.086186 1
0.300513 1
0.287426 5
0.924662 1
0.537282 1
0.117855 1
0.121033 1
0.453996 47
0.002807 28
0.007503 273
6.593978 1
0.057469 1
0.215708 1
1.074170 1
0.137506 1
0.132444 1
0.326126 1
0.106073 1
0.273226 1
0.262067 9
1.595857 1
0.112688 1
2.152167 2
0.000077 9
0.000098 36
0.035518 28
0.003822 62
0.000424 52
0.000101 25
0.000310 8
0.000075 126
1.177742 1
0.089743 1
0.193217 1
0.840205 1
0.275926 1
0.173843 1
0.162259 1
0.724746 11
0.000064 36
0.010732 338
0.000473 28
0.005556 114
0.000059 25
0.000146 8
0.000043 126
22.440459 1
0.008479 1
0.268939 1
0.197931 1
0.156751 1
0.241830 11
0.000218 36
0.000013 28
0.002664 54
0.000210 44
0.000059 25
0.000141 8
0.000041 110
1.187373 1
0.336995 1
0.502119 1
0.513378 1
0.148103 1
0.093539 1
0.114433 1
1.624297 1
0.094565 1
0.111297 1
1.053842 1
0.505631 1
0.003594 1
0.040601 1
0.032955 1
0.033980 1
0.035366 1
0.708092 15
0.096389 15
0.243734 3
0.506201 3
0.003975 3
0.032656 3
0.039048 3
0.031701 3
0.032820 3
0.036483 1
0.029855 1
0.031465 1
0.155611 1
1.286105 1
0.078995 1
0.322435 1
0.334749 1
0.001121 4
1.414416 1
0.164231 1
0.235786 1
0.184124 1
1.971210 1
1.111025 1
0.319527 1
2.099166 1
1.171464 1
0.236060 1
0.241819 1
8.566510 11
0.000683 36
0.004578 28
0.002077 54
0.000061 69
0.000100 118
0.844144 1
0.018448 1
0.089941 1
0.620842 4
0.178134 4
0.154206 4
0.183502 1
0.283383 1
0.067251 1
0.156384 47
0.006009 33
0.000422 28
0.002845 54
0.000510 77
0.000012 110
10.561220 1
0.044352 1
0.869327 4
0.384837 1
0.524616 1
2.719787 1
0.126976 1
0.105387 1
0.167582 1
0.953795 1
0.177898 1
0.195451 1
0.166691 1
0.548530 9
0.069279 9
0.202111 3
0.505541 3
0.003843 3
0.033154 3
0.036434 1
0.030396 1
0.031363 1
0.315978 4
0.833069 1
0.778749 1
0.312046 6
1.009321 1
0.290679 1
0.086968 1
0.210684 1
0.328083 1
0.248320 1
0.253352 1
0.194347 1
1.359725 1
0.187151 1
0.166234 1
0.190024 1
0.506264 9
0.128440 9
0.158032 9
0.151560 9
0.320094 3
0.326166 11
0.000593 36
0.006122 28
0.002343 54
0.000417 44
0.000011 25
0.000183 118
5.946901 1
0.407819 1
0.232196 1
0.191561 1
0.066307 1
0.314706 10
1.242553 1
0.088416 1
0.331508 1
0.226696 1
0.303055 1
0.203131 1
0.175225 1
0.162735 47
0.002254 28
0.002540 54
0.000167 44
0.000052 25
0.000133 118
0.818963 1
0.067047 1
0.278046 1
0.383144 1
0.183043 1
0.066850 1
0.144143 47
0.008808 288
0.000569 28
0.003353 54
0.000174 44
0.000033 25
0.000138 8
0.000019 110
4.963865 1
0.267969 1
0.250521 1
0.167697 1
0.056796 1
0.143141 1
4.526181 1
0.092975 1
0.135757 1
0.421692 1
0.169687 1
0.248476 5
1.852448 1
0.050863 1
0.278775 6
0.508035 1
0.165697 1
0.515480 1
0.264781 3
1.725017 1
0.105873 1
1.184365 4
0.527834 1
1.824004 1
0.372648 1
0.089050 1
0.177689 1
1.316016 11
0.000550 36
0.004655 28
0.002873 54
0.000261 44
0.000056 25
0.000019 8
0.000014 110
1.132588 1
0.461784 4
0.517290 1
0.103447 1
0.229612 1
0.102019 1
0.186458 1
0.080607 1
0.288492 11
0.000564 36
0.008464 384
0.000013 2
0.001098 28
0.002066 54
0.000211 44
0.000061 25
0.000160 8
0.000034 110
23.855850 1
0.017361 1
0.720135 1
0.219910 1
0.241135 1
2.059534 1
4.099504 1
0.118876 1
0.083416 1
0.169891 1
0.353931 1
0.208039 3
2.702481 1
0.361311 4
0.228397 1
0.300117 1
0.399376 1
0.269937 1
0.098561 1
0.285835 11
0.000616 36
0.005058 51
0.001530 81
0.000608 28
0.002429 54
0.000197 69
0.000273 118
2.531604 19
0.233357 1
0.505299 1
0.004491 1
0.031214 1
0.034911 1
0.030694 1
0.036305 1
0.037140 1
0.032476 1
0.030468 1
0.036475 1
0.034858 1
0.032694 1
0.030693 1
0.272364 3
0.826456 5
0.135221 5
0.226308 3
0.511088 3
0.004037 3
0.027897 3
0.031471 3
0.031043 3
0.030389 3
0.045069 3
0.032676 3
0.033591 3
0.029920 3
0.031007 3
0.545931 3
0.204627 1
0.176589 1
0.173526 1
0.194717 1
0.523480 3
0.197490 3
0.200822 3
0.258818 3
0.134921 1
0.273013 1
0.574065 11
0.000552 36
0.006713 135
0.000020 28
0.002991 54
0.000230 44
0.000072 25
0.000156 8
0.000087 110
10.155651 22
0.147065 1
0.511161 1
0.007541 1
0.026933 1
0.036121 1
0.203061 1
0.247555 1
0.270123 3
0.316470 17
0.395559 3
0.384899 11
0.000564 36
0.006237 134
0.000779 28
0.002703 54
0.000280 69
0.000252 118
2.510838 21
0.207395 1
0.498299 1
0.038467 1
0.037561 1
0.034412 1
0.030087 1
0.041301 1
0.030823 1
0.031588 1
0.034148 1
0.035428 1
0.029635 1
0.398157 1
0.277681 5
0.182857 5
0.413711 47
0.004917 2
0.000698 130
0.000941 28
0.001688 54
0.000007 44
0.000042 25
0.000089 118
24.103026 1
0.074366 1
0.144351 1
0.123688 1
0.881664 1
0.652463 1
1.063661 4
0.499683 4
0.003795 4
0.028991 4
0.030029 4
0.032268 4
0.030090 1
0.030817 1
0.030471 1
0.033611 1
0.030526 1
0.227036 19
0.478470 1
0.499559 1
0.002264 1
0.029385 1
0.030599 1
0.033682 1
0.029710 1
0.029701 1
0.030982 1
0.029542 1
0.030254 1
0.032600 1
0.034700 1
0.036489 1
0.034169 1
0.037026 1
0.027632 1
0.033734 1
0.224805 3
0.597932 5
0.103222 5
0.770639 11
0.000544 36
0.003289 31
0.001136 28
0.002931 98
0.000292 25
0.000188 8
0.000044 110
2.660772 19
0.271067 1
0.504345 1
0.005329 1
0.037484 1
0.032107 1
0.034540 1
0.033124 1
0.033036 1
0.036614 1
0.028687 1
0.033114 1
0.034631 1
0.030992 1
0.661774 5
0.213246 5
0.208677 3
0.509043 3
0.004665 3
0.032708 3
0.032828 3
0.032538 3
0.032503 3
0.034735 3
0.297100 1
0.243028 13
0.220139 3
0.316970 11
0.000072 36
0.004191 2
0.000291 29
0.002838 28
0.002170 54
0.000260 69
0.000159 8
0.000041 110
3.297080 22
0.509996 1
0.500525 1
0.004145 1
0.028028 1
0.330178 1
0.517438 11
0.110219 11
0.221257 3
0.748921 47
0.003130 31
0.000470 28
0.002999 54
0.000195 69
0.000181 8
0.000051 110
9.196738 1
0.023009 1
0.224362 1
0.066318 1
0.202199 1
0.061912 1
0.153661 11
0.000532 36
0.007230 386
0.001209 28
0.003034 54
0.000207 44
0.000177 25
0.000212 8
0.000075 110
6.634373 1
0.096763 1
0.115450 1
0.151852 1
0.285095 1
0.316438 1
0.219218 47
0.048772 32
0.029995 226
0.000115 2266
11.688979 33
0.000007 74
0.000065 33
0.000009 40
0.000705 104
0.000013 32
0.000009 69
0.000008 33
0.000008 3
0.000008 71
0.000057 130
0.000011 38
0.000009 69
0.137689 33
0.001654 87
0.000024 1100
0.948304 36
0.000007 72
0.000048 33
0.000006 116
0.000004 2
0.000004 70
0.000060 221
0.000010 33
0.000008 19
0.000009 70
0.000050 33
0.000010 254
0.032038 33
0.000014 154
0.000027 152
0.000039 33
0.000010 126
0.000149 231
0.000033 140
2.281698 28
0.001775 28
0.010977 54
0.000116 44
0.000172 25
0.000034 8
0.000011 110
0.374455 6
0.252789 1
0.291733 11
0.289009 1
0.256847 27
0.509568 1
0.502006 1
0.004489 1
0.029821 1
0.030528 1
0.031169 1
0.034982 1
0.032121 1
0.030694 1
0.032203 1
0.032963 1
0.031561 1
0.033673 1
0.033312 1
0.032056 1
0.033151 1
0.033497 1
0.032939 1
0.246351 1
0.171157 1
0.250132 3
0.549368 5
0.294876 11
0.000549 36
0.005568 2
0.000015 29
0.000886 28
0.001998 54
0.000205 44
0.000070 25
0.000164 8
0.000045 110
152.907338 25
1.508713 28
3.091098 25
0.446931 1
0.499344 1
0.002438 1
0.029166 1
0.034961 1
0.031845 1
0.031236 1
0.036129 1
0.031638 1
0.034565 1
0.031470 1
0.030316 1
0.410835 1
0.264189 1
0.248111 1
0.203792 1
0.473030 1
1.145737 3
0.504735 3
0.003025 3
0.029212 3
0.031180 3
0.034232 3
0.037448 3
0.030357 3
0.032877 3
0.029961 3
0.031292 3
0.030975 3
0.031277 3
0.030110 3
0.031540 3
0.192574 3
0.224872 3
0.334789 4
0.236009 1
0.207892 1
0.177411 1
0.188609 1
0.422799 13
0.163027 13
0.361195 2
0.000029 9
0.000231 36
0.004693 24
0.001253 28
0.002615 241
1.933466 1
0.222548 1
0.197005 1
0.145241 1
0.178716 1
0.105498 1
0.138323 47
0.003003 471
0.000775 28
0.002220 54
0.000218 44
0.000020 25
0.000168 118
17.863824 1
0.044744 1
0.173200 1
0.193637 1
0.438529 1
0.197800 1
0.204646 1
0.185048 1
0.468433 1
0.417002 1
0.142849 1
0.120234 1
0.102955 1
0.313282 47
0.003848 12
0.000306 28
0.003483 54
0.000258 69
0.000178 118
3.170557 1
0.103376 1
0.211632 1
0.391892 1
0.125224 1
0.193080 3
0.396308 47
0.005766 52
0.000877 28
0.003110 54
0.000259 44
0.000304 143
4.875440 1
0.104749 1
0.158561 1
0.111983 1
0.204515 1
0.125641 1
0.202818 1
0.378818 4
0.184434 4
0.853898 1
0.177708 1
0.179376 1
0.336998 1
0.105472 1
0.087673 1
0.460353 1
0.323673 47
0.005470 87
0.000420 28
0.002100 241
4.478748 12
0.546654 1
0.500028 1
0.004333 1
0.027549 1
0.637969 1
0.573024 1
0.258039 5
0.248341 47
0.006772 85
0.000759 30
0.005282 54
0.000496 187
9.801838 1
0.063810 1
0.372895 1
0.864664 1
2.941626 4
4.867807 1
0.114508 1
0.147706 1
0.486494 1
0.364702 1
1.496842 1
0.318322 1
0.203374 1
0.925541 4
0.499480 4
0.003746 4
0.030631 4
0.027655 4
0.030651 4
0.036399 4
0.030599 4
0.030632 4
0.030680 4
0.030649 4
0.030627 1
0.030103 1
0.031193 1
0.033904 1
0.272375 1
0.112769 1
0.139580 1
0.324793 1
0.289338 4
0.254353 4
0.237943 4
0.231034 4
0.239000 1
0.236880 1
1.068889 1
0.151177 1
0.167202 1
0.610621 1
0.327714 1
0.271650 1
0.304423 4
0.311780 11
0.000541 36
0.003412 65
0.000013 7
0.005980 4095
0.000015 791
2.637341 2
0.201490 2
0.176773 2
0.505791 2
0.003223 2
0.029842 2
0.034548 2
0.041255 2
0.032560 2
0.034112 2
0.033414 2
0.030690 2
0.986205 1
1.743464 14
0.396104 16
0.191560 13
0.171889 13
0.169347 13
0.532274 13
0.096698 13
0.259021 13
3.745456 21
0.731517 30
0.913067 1
0.165672 1
0.710637 29
0.036345 89
0.000441 28
0.003283 54
0.000077 44
0.000092 25
0.000181 118
7.392902 1
0.043268 1
0.275466 1
1.138715 1
1.063044 1
0.123700 1
0.221930 1
0.371073 4
0.307969 47
0.004647 90
0.000402 28
0.002438 241
3.180864 1
0.080625 1
0.140088 1
0.191573 1
0.672460 1
0.193497 1
0.036147 1
0.502956 4
0.218636 4
0.389982 1
0.278062 1
0.491376 1
0.241969 4
0.204315 4
0.436362 1
0.099187 1
0.454947 1
0.182228 1
0.298869 1
0.182173 5
0.391999 47
0.004159 28
0.002655 54
0.000197 44
0.000062 25
0.000259 8
0.000041 110
3.655701 1
0.129568 1
0.801101 1
1.162144 1
0.152863 1
0.168748 1
0.253448 2
1.685798 1
2.885396 11
0.000007 36
0.000202 28
0.003918 261
0.472038 1
0.129875 1
0.129437 47
0.004567 52
0.000451 28
0.002092 59
0.000076 74
0.000053 128
2.977765 1
0.093922 1
0.228323 1
0.185350 1
0.209355 1
0.087000 1
0.287349 6
0.314711 11
0.000045 36
0.007218 5
0.000012 78
0.000783 28
0.002835 133
0.000101 128
0.895866 11
1.578266 1
0.276097 1
0.347762 1
0.238174 3
0.238317 2
0.000087 9
0.000505 36
0.006315 5
0.000168 78
0.000689 28
0.002788 59
0.000201 74
0.000311 128
0.728097 16
0.498618 4
0.196101 4
0.172356 4
0.203593 4
0.693850 1
0.249044 1
0.295472 2
0.377903 47
0.006978 90
0.001393 28
0.003333 59
0.000283 49
0.000060 25
0.000204 8
0.000064 120
2.536769 1
0.073125 1
0.151787 1
0.117803 1
0.158152 1
0.340379 75
0.003872 98
0.000125 143
4.901163 1
0.157254 1
1.839863 1
0.387343 1
0.120019 1
0.105302 1
0.444867 1
0.390264 1
0.319369 1
0.029713 1
0.269677 1
0.000009 5
0.882334 1
0.282987 168
7.907905 4
0.505994 4
0.003311 4
0.030024 4
0.029898 4
0.030316 4
0.036614 4
0.030709 4
0.030915 4
0.030010 4
0.030302 4
0.258136 4
0.299529 1
0.071182 1
0.275985 1
0.458524 1
0.195286 4
0.359676 47
0.003332 39
0.000370 4095
0.000026 825
0.917659 2
0.500395 2
0.001890 2
0.028685 2
0.030231 2
0.035472 2
0.031484 2
0.035251 2
0.033038 2
0.031753 2
0.031477 2
0.033471 2
4.342312 80
0.224695 68
1.256825 1
0.453931 20
0.800830 7
0.963158 14
1.252622 13
0.218931 13
0.180932 13
0.184810 13
0.280110 13
0.104790 13
1.058846 13
1.220102 21
1.217587 20
0.665086 1
0.353075 29
0.139671 1
0.132366 1
0.368026 30
0.036027 89
0.000776 28
0.002385 54
0.000421 187
21.896735 1
0.036279 1
0.224938 1
0.173294 1
0.099504 1
1.794333 1
0.314294 1
0.120746 1
0.087509 1
0.099965 1
0.376466 1
0.113405 1
0.141831 1
0.919187 1
0.674155 1
0.177839 1
0.333419 1
0.120509 1
0.201725 1
0.254306 1
0.223720 1
0.998699 47
0.004753 28
0.003403 241
1.877205 1
0.225087 1
0.405204 1
0.457878 1
0.122890 1
0.077188 1
0.150567 1
0.142418 1
0.462842 1
0.902128 4
0.397834 1
0.081635 1
0.141406 1
0.374074 1
1.440127 1
0.136537 1
0.245828 1
0.197488 1
0.206686 1
0.233422 1
0.195976 1
1.262318 1
0.351735 1
0.112039 1
0.194252 1
0.208487 1
0.766033 1
0.182376 1
0.201105 1
1.777217 1
0.244409 1
0.206873 1
0.199940 1
0.410217 11
0.001331 36
0.015485 28
0.004034 123
0.001743 118
1.884996 1
0.225711 1
0.259520 1
0.226788 1
0.071441 1
1.116285 1
0.236367 1
0.082347 1
0.097615 1
0.098315 1
1.203378 1
0.098959 1
0.152419 1
0.726806 4
0.154271 1
0.013754 1
0.407656 4
0.203996 4
0.078326 1
0.424999 1
0.769437 1
0.154914 1
0.197166 1
0.456128 1
0.248990 1
0.247281 3
1.761650 1
0.095835 1
0.155075 1
0.217218 1
0.290184 1
0.173612 1
0.173871 1
0.271873 1
0.577271 1
0.250721 1
0.216428 1
0.424303 47
0.005540 28
0.002893 54
0.000115 44
0.000054 25
0.000122 118
1.786910 1
0.124998 1
1.234562 1
0.160389 1
0.257914 1
0.262562 1
0.262624 1
0.877058 1
0.147612 1
0.155823 1
0.721277 1
0.192053 1
0.240366 1
0.188414 1
0.940340 1
0.314568 1
0.104862 1
0.194161 1
0.308211 1
0.159953 8
5.412140 1
0.499924 1
0.002193 1
0.030740 1
0.029500 1
0.030281 1
0.031927 1
0.030270 1
0.031203 1
0.029694 1
0.031093 1
0.030438 1
0.031253 1
0.031515 1
0.030330 1
0.030636 1
0.032189 1
0.032399 1
0.033921 1
0.592801 1
0.569026 5
0.082656 5
0.140096 5
0.086831 5
0.274723 5
0.196055 5
0.199890 5
0.411394 5
0.431202 1
0.354257 5
0.122433 5
0.187941 3
0.506202 3
0.003652 3
0.031667 3
0.040074 3
0.030624 3
0.032533 3
0.037892 3
0.034384 3
0.033073 3
0.030405 3
0.033267 3
0.031284 3
0.034745 3
0.034089 3
0.031571 3
0.030004 3
0.030405 3
0.038921 3
0.037449 3
0.033223 3
0.028471 1
0.041246 1
0.024795 1
1.003308 1
0.089463 1
0.138436 1
0.206848 1
0.225507 8
0.547574 2
0.000009 9
0.000171 36
0.007360 219
0.000355 28
0.003040 241
12.775008 1
0.054597 1
0.467374 1
0.742222 1
0.284017 1
0.196205 5
1.389503 1
0.107447 1
0.303187 6
2.005975 1
0.125196 1
0.161190 5
1.959109 1
0.094786 1
0.135414 3
1.325881 1
0.719857 1
0.179360 1
2.011030 1
0.234597 1
0.229596 9
2.305454 1
0.102885 1
0.531377 1
0.225848 9
0.493025 47
0.006510 28
0.002439 54
0.000192 69
0.000201 118
0.975764 1
0.056967 1
0.147512 1
0.070873 1
0.177382 1
0.083737 1
0.108470 47
0.006079 189
0.000161 28
0.003501 98
0.000047 25
0.000123 8
0.000028 110
6.920881 1
0.068864 1
0.166723 1
0.143473 1
0.214344 47
0.015543 10
1.982841 2
2.741570 26
0.000016 2
0.002653 28
0.005387 54
0.002408 187
2.004399 1
0.088153 1
0.114745 1
0.111716 1
0.104074 1
0.368845 1
0.120905 1
0.397446 1
0.123185 1
0.248934 47
0.501404 74
10.060618 1
0.063469 1
0.735969 1
0.087375 1
0.119636 1
1.139917 1
0.179678 1
0.244433 1
0.167900 1
0.261179 1
0.292748 1
0.135489 1
0.321982 1
0.716448 1
0.637566 1
0.175821 1
0.432061 1
0.628244 1
0.232393 1
0.244129 1
0.593978 1
0.177656 1
0.201239 1
0.680246 1
0.453849 11
0.004401 8
0.000193 52
0.622330 1
0.076640 1
0.549269 1
0.283374 1
0.222020 1
0.161365 1
0.220181 2
0.822608 1
0.113751 1
0.339500 9
0.339740 11
0.001062 88
3.021948 1
0.110649 1
0.228147 1
0.105121 1
0.096094 1
0.211532 1
0.164240 1
0.117367 1
0.285190 1
0.188359 1
0.290859 1
0.206818 1
0.759804 1
0.312154 1
0.547634 1
0.267904 1
0.299514 1
0.219589 1
0.200978 1
1.137823 11
0.004288 88
2.133895 1
0.094985 1
0.233541 1
0.117955 1
0.127998 1
0.485206 1
4.152218 4
1.191698 4
0.505632 4
0.003359 4
0.028792 4
0.036424 4
0.024701 1
0.030859 1
0.030177 1
0.032463 1
0.030789 1
0.032153 1
0.031068 1
0.031391 1
0.029843 1
4.503532 1
0.116541 1
0.443067 1
0.210978 1
0.376712 1
0.206429 1
0.163961 1
0.214193 1
1.471686 1
0.252770 1
0.124544 1
0.227260 1
0.103315 1
0.135382 1
0.102845 1
0.539755 11
0.049889 40
0.000285 88
2.976608 1
0.116277 1
0.222059 1
0.112134 1
0.169853 1
0.689804 1
0.278940 1
0.233467 1
0.120387 1
0.155607 1
0.079932 1
0.116459 1
0.099571 1
0.176302 1
0.607214 1
0.062577 1
0.251074 9
0.398704 11
0.002674 88
3.146212 1
0.212004 1
0.138600 1
0.213868 1
0.255676 1
0.315844 1
0.208910 1
0.153160 1
0.138812 1
1.091407 1
0.164662 1
0.140607 1
0.166024 1
0.865133 1
0.136303 1
0.087045 1
0.224224 1
0.162195 11
0.049153 88
10.483049 1
0.104445 1
0.215033 1
0.682288 1
0.239646 1
0.231623 1
0.167575 1
0.183040 1
0.931048 1
0.229763 1
0.140863 1
0.115749 1
0.107863 1
0.244158 1
0.544973 1
0.389302 1
0.196440 11
0.054614 88
1.654655 1
0.119148 1
0.427149 1
0.212368 1
0.819711 1
0.366139 4
0.249940 1
0.215149 1
0.145799 1
0.265042 1
0.182448 1
0.845414 1
0.347772 1
0.342563 1
1.535550 1
0.093824 1
0.116545 1
0.187214 1
0.418104 4
1.242313 1
1.287815 1
0.242086 1
0.201510 1
0.150910 1
0.155591 1
0.114271 1
0.717786 3
1.189000 11
0.033641 8
0.000013 80
0.587716 28
0.474293 1
0.257570 2
0.001703 9
0.036682 88
5.560710 1
0.145612 1
0.479538 1
0.230665 1
0.183031 1
2.185775 1
0.522081 1
0.110137 1
0.149817 1
0.119169 1
0.224496 4
0.882243 1
0.849847 1
0.239618 1
0.131388 1
0.228539 9
0.486997 11
0.005630 88
3.882913 1
0.101545 1
0.136941 1
0.082484 1
0.192352 1
0.230007 11
0.010347 66
0.000620 8
0.000149 80
2.509911 1
0.127341 1
0.260025 1
0.203493 1
0.457733 1
0.395526 1
0.745295 1
0.140828 1
1.466849 1
0.952688 1
0.554853 1
0.573529 1
0.084490 1
4.352176 4
0.217031 4
0.173045 4
1.553154 1
0.151547 1
0.221351 9
0.312191 11
0.001946 88
0.650465 21
0.566311 29
0.526562 11
0.004578 66
0.000463 88
4.350042 5
0.812474 8
57.404263 1
0.076482 1
0.751824 1
0.674858 4
0.186830 4
0.174997 4
0.661352 1
0.085970 1
0.138796 1
0.480501 1
0.181435 1
0.174410 1
0.093901 1
0.105002 1
0.098030 1
0.122142 1
0.380911 11
0.035901 2
3.886062 1
0.150246 1
0.121351 1
3.280747 1
0.435692 1
0.109314 1
0.256178 1
0.349801 1
1.283773 1
0.134414 1
0.251981 1
0.643051 4
0.655745 1
0.134690 1
0.134264 1
0.224954 1
0.319448 1
0.279863 1
0.128394 1
0.499879 1
0.225687 1
1.315985 1
0.192375 1
0.311572 1
0.172671 1
0.540227 1
0.167465 1
1.312193 1
0.223580 1
0.243751 1
0.214307 1
0.480217 2
0.036914 72
0.001556 83
0.000546 4095
0.000033 2332
1.677580 14
1.188895 16
0.172166 13
0.150461 13
2.226839 13
0.257162 13
0.768998 62
0.635504 27
2.464074 1
1.330797 14
0.780355 13
1.019796 13
0.219899 13
1.236106 27
0.948005 13
0.320990 13
0.173268 13
0.192026 13
0.247744 13
0.548375 27
2.157156 13
0.320948 13
0.827963 13
0.114861 13
0.468744 27
2.532262 13
0.185173 13
0.168683 13
0.298123 13
0.407965 27
4.416951 13
0.277278 13
0.704291 13
0.133945 13
2.591386 27
0.860629 13
1.054046 13
0.930048 48
1.418823 31
0.536432 1
0.103042 1
0.473931 29
0.165206 29
0.124172 1
0.134665 1
0.334690 33
0.002273 34
0.000259 54
0.000565 2
3.031488 2
0.009950 8
0.000223 80
7.356274 1
0.059561 1
0.231689 1
0.204393 1
0.157935 1
6.841770 1
0.147516 1
0.330266 1
0.340957 1
1.045237 1
0.238200 1
0.113266 1
0.338864 9
0.355868 11
0.001546 88
7.038029 1
0.379874 1
0.175990 1
0.201573 1
0.092790 1
0.284131 2
0.000030 9
0.000008 4
0.000156 10
0.000083 80
2.040204 5
0.229126 1
0.264375 1
0.278644 1
0.216032 36
0.002079 80
31.982271 1
0.145211 1
0.118590 1
0.366900 1
0.094328 1
0.614276 1
0.365786 1
0.336035 4
0.345745 1
0.146554 1
0.132412 1
0.926344 2
0.000047 9
0.000152 8
0.000054 80
4.293293 1
0.117197 1
0.211746 1
0.106621 1
0.106195 1
0.133804 1
0.292230 1
0.113449 1
0.216368 1
0.246260 1
0.538859 1
0.121570 1
0.149516 1
0.126775 1
1.234704 1
0.188003 1
0.213595 1
0.176042 1
0.128013 11
0.006403 88
1.623256 1
0.198178 1
0.372760 1
0.093835 1
0.119632 1
0.185140 1
0.448857 1
0.114238 1
0.183775 1
0.109125 1
0.476800 1
0.114807 1
0.105467 1
0.178260 11
0.004570 8
0.001752 80
0.501614 1
0.090098 1
0.144329 1
0.537786 1
0.260699 1
0.087380 1
0.133214 2
0.000593 9
0.009252 330
0.000333 88
33.033929 1
0.138531 1
0.090193 1
0.143717 1
0.155397 1
0.410484 1
0.344179 1
0.565473 1
0.189912 1
0.420015 11
0.000211 88
1.202180 1
0.193464 1
0.119483 1
0.133563 1
0.133256 1
0.305572 105
0.068063 99
5.668375 1
0.039562 1
0.184932 1
0.103497 1
0.082475 1
0.122135 1
8.160407 1
0.049107 1
0.262246 1
0.124725 1
0.985089 1
0.216275 1
0.198112 1
0.222054 1
0.200001 1
0.294003 1
0.391011 1
0.094327 1
0.176415 1
0.117672 1
0.348128 1
0.150764 1
0.245148 1
0.225965 1
0.180331 1
0.213529 1
0.418900 1
0.091853 1
0.171819 1
0.139202 1
0.248968 1
0.177218 1
0.299975 1
0.213237 1
0.165054 1
0.269185 1
0.341023 1
0.119648 1
0.222276 1
0.571763 1
0.640226 1
0.274017 1
0.179717 1
0.353903 1
0.204031 1
0.290526 11
0.006861 88
2.023519 1
0.116497 1
0.213240 1
0.207604 1
0.106811 1
0.252826 1
1.022018 1
0.378207 1
0.174116 1
0.297374 1
1.026788 1
0.097261 1
0.179307 1
0.113637 1
0.662863 1
0.207016 1
0.194148 1
0.213443 1
0.189325 1
0.429315 11
0.001487 8
0.000094 80
1.263665 1
0.162540 1
0.211969 1
0.195992 1
0.096049 1
0.268057 1
4.757918 1
1.807044 1
0.128515 1
0.188074 1
0.458050 1
0.090902 1
0.213763 1
0.149565 1
0.495091 1
0.182785 1
0.302061 1
0.197890 1
0.181930 1
0.211008 11
0.001555 88
0.888279 1
0.132010 1
0.218927 1
1.458066 1
0.095234 1
1.173044 1
6.399808 1
1.727406 1
0.460797 1
2.828091 1
0.157877 1
0.424543 4
0.207270 1
0.105188 1
0.347195 1
0.125662 1
0.351748 1
0.436218 1
0.177742 1
0.224083 1
0.182119 1
0.152664 2
0.000018 9
0.001821 8
0.000176 80
2.339246 1
0.099006 1
0.257345 1
0.207825 1
0.134001 1
1.031690 1
0.392082 1
0.827989 1
1.307640 4
11.729338 1
2.365674 1
0.858296 2
0.000041 9
0.001804 170
1.697610 9
0.683089 1
0.294789 1
0.097030 1
0.153561 1
0.121016 1
0.336341 1
0.166681 1
0.633188 1
0.182266 1
0.338025 4
0.196076 4
0.093305 1
0.088280 1
0.617406 4
0.158912 4
0.196104 1
0.273407 1
0.234490 1
0.027521 1
0.482117 4
0.182107 4
0.133956 1
0.208523 2
0.000023 9
0.003296 88
0.762375 1
0.097078 1
0.167074 1
0.101185 1
0.182872 1
0.075341 1
0.160533 11
0.013587 614
0.000036 88
17.476592 1
0.115151 1
0.231241 1
0.123294 1
0.118749 1
0.080360 1
0.503002 4
0.192739 4
0.373328 4
0.526349 1
0.123851 1
0.226795 1
0.556828 1
0.173047 1
0.116105 1
0.190534 1
0.127040 1
0.611114 1
0.137493 1
0.446642 4
0.175299 4
0.099556 1
0.213312 1
0.229688 1
0.184794 1
0.202960 1
0.856482 1
0.275914 1
0.208665 1
0.109735 1
0.163848 1
0.206067 1
0.060634 1
0.414966 4
0.181918 4
0.160353 4
0.368393 1
0.101257 1
0.510171 1
0.103599 1
0.222213 1
0.506174 1
0.206185 1
0.410329 1
0.440189 1
0.191754 1
0.108850 1
0.179146 1
0.178064 1
0.394713 1
0.138723 1
0.226425 1
0.231814 1
0.180010 1
0.218616 1
0.640843 1
0.217739 1
0.122731 1
0.577771 1
0.081391 1
0.206810 1
0.400918 4
0.155253 1
0.419275 4
0.099983 1
0.325793 1
0.348273 1
0.276366 4
0.174187 4
0.185976 1
0.217889 1
0.174195 1
0.211435 1
1.842594 11
0.009465 88
1.026603 1
0.147594 1
0.850751 1
0.351672 1
0.122217 1
1.167793 1
0.399864 1
0.770559 1
0.277990 1
0.241536 1
1.191635 1
1.340037 1
1.468358 1
0.268757 1
0.445034 1
1.630264 1
0.427290 1
1.303664 1
0.635911 1
0.203292 1
0.122605 1
0.188825 1
0.112897 1
0.354961 1
0.169976 1
0.258640 1
0.241903 1
0.239359 1
0.298554 11
0.001608 88
2.170243 1
0.103508 1
0.188935 1
0.217743 1
0.477463 24
0.255920 1
0.503587 1
0.009891 1
0.035568 1
0.025758 1
0.030143 1
0.031845 1
0.031528 1
0.031011 1
0.030366 1
0.034708 1
0.030457 1
0.032213 1
0.036249 1
0.577795 1
0.215195 1
0.211316 1
0.654413 5
0.380015 3
0.196090 3
0.163718 3
2.490620 5
0.623245 3
0.201601 3
0.691766 3
0.567571 23
0.242622 23
0.335394 23
0.300066 3
0.519279 2
0.000623 9
0.001643 88
1.601433 31
0.448203 65
1.358362 11
0.002215 88
0.455337 28
0.343176 1
0.392537 64
0.397903 1
0.184992 1
0.181380 1
0.170194 1
0.630456 13
0.138672 9
0.243798 11
0.001532 88
1.606117 31
0.665842 1
0.181221 1
0.204488 1
0.166673 1
0.871657 13
0.179312 9
0.578020 1
0.512498 1
0.012230 1
0.027189 1
0.024351 1
0.038875 1
0.034576 1
0.030876 1
0.034087 1
0.034327 1
0.033072 1
0.031351 1
0.034763 1
0.035449 1
0.030162 1
0.035919 1
0.350228 1
0.221675 1
0.306641 5
0.442173 3
0.206154 5
0.145477 3
0.232951 3
2.258862 3
0.271557 3
0.408651 5
0.330510 3
0.215278 3
0.212173 3
0.170997 3
0.167235 3
0.538158 3
0.322120 27
0.216335 27
0.387616 2
0.000484 9
0.001672 8
0.000073 80
2.735840 28
0.398131 1
0.504506 1
0.011817 1
0.020008 1
0.035280 1
0.028148 1
0.036567 1
0.048851 1
0.034445 1
0.031400 1
0.035189 1
0.032998 1
4.478995 1
0.505943 1
0.010673 1
0.020399 1
0.030417 1
0.032097 1
0.030972 1
0.252921 3
0.298451 5
0.631799 3
0.828333 3
0.206266 3
1.165877 5
0.170424 5
0.257235 5
0.206030 3
0.220674 3
0.192704 3
0.392899 3
0.657713 27
0.898141 23
0.093373 23
0.513337 11
0.003101 88
2.349859 31
0.384291 67
0.793458 11
0.003672 88
0.895472 28
0.299859 67
0.225902 1
0.508442 1
0.024294 1
0.013254 1
0.024820 1
0.030888 1
0.032918 1
0.230148 3
0.188700 3
0.623471 3
0.376314 13
0.156425 9
0.421691 2
0.000620 9
0.001834 88
9.493464 1
0.286120 1
0.356604 1
0.365699 1
0.221944 1
0.915497 1
0.936022 1
0.122235 1
0.185669 1
0.309866 5
0.898498 1
0.638028 1
0.577867 1
0.136406 1
0.175385 1
0.156775 1
0.440827 1
0.119784 1
0.147096 1
0.020490 1
0.395172 4
0.230248 4
0.240018 4
0.499595 4
0.000281 4
0.038046 4
0.027804 4
0.031653 4
0.030091 4
0.033100 4
0.032637 4
0.032299 4
0.029420 4
0.031347 4
0.031993 4
0.033381 4
0.031971 4
0.032883 4
0.029495 4
0.034154 4
0.033772 4
0.031924 4
0.034181 4
0.032437 1
0.034217 1
0.034877 1
0.036442 1
0.027184 1
0.032931 1
0.262575 1
0.106816 1
0.132276 1
0.073433 1
0.211607 1
0.056623 1
0.156306 11
0.007305 990
19.584584 1
0.071576 1
0.393226 1
0.216879 1
0.148970 1
0.086771 1
0.699375 1
0.117270 1
0.120115 1
0.128428 1
0.151310 4
0.420858 1
0.373553 1
0.362577 1
0.089282 1
0.181954 1
0.101086 1
0.202498 4
0.343270 11
0.003344 88
0.656839 1
0.061090 1
0.129837 1
0.103744 1
0.184211 1
0.086121 1
0.121545 2
0.000426 9
0.007746 902
0.000693 88
10.041560 1
0.077466 1
0.176965 1
0.203769 1
0.136217 1
0.991946 1
0.459646 4
0.640026 1
0.815557 1
0.854964 1
0.219515 1
0.300613 1
0.242010 1
0.107641 1
0.191888 1
0.205858 1
0.435954 1
0.110535 1
0.211850 1
0.525398 4
0.092399 1
0.583230 11
0.002390 8
0.000009 80
1.269341 17
0.285408 28
0.638355 11
0.007155 902
0.000294 88
12.909978 1
0.039086 1
0.093047 1
0.595799 4
0.239657 1
0.406366 1
0.187976 1
0.153637 1
0.085818 1
0.118389 1
0.108645 1
0.105005 1
0.326731 1
1.937966 11
0.054587 2
0.434853 1
0.080059 1
0.190235 1
0.695867 1
0.175340 1
0.818533 1
0.280447 1
0.277786 1
0.506026 1
0.015889 1
0.186060 1
0.697439 3
0.165454 3
0.249726 1
0.235279 1
0.418496 3
0.327852 1
0.153732 1
0.164467 1
0.157330 1
1.296131 1
0.153971 1
0.175780 1
1.275395 1
0.610851 1
0.089835 1
0.174554 1
0.147314 1
0.218322 1
0.080458 1
0.225513 1
0.308191 2
0.000199 49
0.714215 4
0.845669 4
0.504313 3
0.507608 3
0.012370 6
0.020872 3
0.030012 3
0.030618 6
0.690282 1
0.087451 1
0.675209 1
0.765261 1
0.199943 1
0.167908 1
0.257762 1
0.939444 1
0.584718 1
0.166213 1
0.194029 1
0.190049 1
0.189812 1
0.165433 1
0.881214 1
0.425914 1
0.228647 1
0.725886 1
0.585861 1
1.665023 1
0.117624 1
0.200190 1
0.150634 1
0.228049 1
0.132540 1
0.120461 1
0.452369 2
0.000135 2
2.369628 1
0.159381 1
0.218484 1
0.110098 1
0.120056 1
0.107730 1
0.326856 1
0.090067 1
0.178819 1
0.340825 1
0.716070 5
0.676802 1
0.110371 1
0.183341 1
0.080039 1
0.227240 1
0.174435 1
0.212006 1
0.224207 1
1.407941 2
0.003908 2
1.305178 1
0.098868 1
0.291187 1
0.105675 1
0.114249 1
1.164518 1
0.208260 1
0.387881 1
0.107866 1
0.433607 1
0.134567 1
0.135406 1
1.274490 2
0.003899 2
0.883767 1
0.133307 1
0.194707 1
0.108406 1
0.188097 1
0.309658 1
0.818239 1
0.545754 1
0.141954 1
0.077045 1
0.307291 1
0.123605 1
0.525976 1
0.093709 1
0.768425 1
0.211885 1
0.220050 1
0.201434 1
0.144191 1
0.164589 1
0.148155 1
0.103285 1
0.486871 1
0.087500 1
0.392905 1
0.181704 2
0.010089 115
0.000138 2
9.536196 2
0.042262 88
26.121995 1
0.030520 1
0.461742 1
0.098872 1
0.094146 1
1.245505 1
0.566111 1
0.232013 1
3.080070 1
0.533769 1
0.350453 1
0.315246 1
0.776697 1
0.227865 1
0.199965 1
0.114204 1
0.699642 1
0.366044 4
0.301088 1
0.107834 1
0.183870 1
0.539904 1
0.388465 11
0.003809 88
1.857418 1
0.104138 1
0.144532 1
0.256923 1
1.153886 1
0.144122 1
0.227725 1
0.964218 1
0.416016 1
0.135852 1
0.202123 1
0.195043 8
2.039504 1
0.229670 11
0.387857 2
0.000215 17
0.000007 104
1.447904 1
0.112294 1
0.199634 1
0.858767 1
0.367226 1
0.187817 1
4.384661 1
0.257314 1
0.200305 1
0.685423 1
0.429082 1
0.760136 1
0.739296 1
0.373669 1
0.575990 1
0.121626 1
0.189115 1
0.092126 1
0.591712 1
0.185970 1
0.234325 1
0.231264 1
0.398085 11
0.009712 112
1.113998 1
0.081839 1
0.145109 1
0.127377 1
0.322313 1
0.141808 1
0.547986 11
0.009574 181
0.000753 112
4.766501 1
0.245689 1
0.203678 1
0.324223 1
0.135869 1
0.187265 1
0.138763 1
0.133109 1
0.691256 4
0.241442 4
0.948219 1
1.587683 1
0.155608 1
0.243973 1
0.157919 1
0.456324 1
0.330076 1
0.989974 1
0.281451 1
0.128673 1
0.109816 1
0.110907 1
0.545238 1
0.090523 1
0.850032 1
0.674693 1
0.468296 1
5.157756 1
0.386425 1
0.132527 1
0.211600 1
0.115202 1
0.246540 1
0.768689 4
0.305587 1
0.254947 1
0.153694 1
0.247312 1
0.196341 1
1.135949 1
0.254385 1
0.336630 1
1.331912 1
0.537017 13
1.290495 1
0.463304 37
0.683528 4
0.502105 4
0.011387 4
0.021793 4
0.031716 4
0.031913 4
0.030871 1
0.030494 1
0.032218 1
0.031541 1
0.031578 1
0.028618 1
0.031833 1
0.032559 1
0.037333 1
0.478377 1
0.145555 1
0.244497 1
0.335792 1
0.091866 1
0.548485 1
0.066766 1
0.310808 1
0.141995 1
0.246595 1
0.214783 1
1.610631 56
0.464823 56
0.696360 1
0.501177 1
0.123944 1
0.183616 1
0.077432 1
0.391377 1
0.329554 1
0.164373 1
0.237701 1
0.236436 1
0.232689 11
0.002040 112
1.094109 21
0.350711 30
0.399102 27
0.184836 24
0.964883 1
0.211193 1
0.199926 1
0.284577 1
0.136066 1
0.233901 1
0.145512 1
0.776244 4
0.267462 1
0.922582 1
0.694219 1
0.249328 1
0.150683 1
0.293203 1
0.348111 1
0.338298 1
0.449967 1
0.136063 1
0.151586 1
0.079514 1
0.132229 1
0.095375 1
1.077343 1
0.286118 1
0.113390 1
0.178129 1
1.322555 1
0.093325 1
0.549931 1
0.164065 1
0.290757 1
0.163480 1
0.260402 1
0.217654 1
0.243876 1
0.404461 11
0.012288 112
3.467898 1
0.102476 1
0.156428 1
0.273322 1
0.206165 1
0.114054 1
0.120580 1
0.120649 1
0.078817 1
0.148767 1
0.414098 11
0.036058 2
2.373729 1
0.118957 1
0.184561 1
0.157004 1
0.436303 1
0.275689 1
0.145874 1
0.255968 1
0.346433 1
0.405610 1
0.136615 1
1.346424 1
0.156637 1
0.350996 3
0.505618 3
0.010401 3
0.028775 3
0.023915 3
0.031600 3
0.029336 3
0.034267 3
0.035049 3
0.024981 3
0.030244 3
0.036167 3
0.026596 3
0.358122 1
0.120675 1
0.161687 1
0.119974 31
0.000015 2
2.577464 1
0.156291 1
0.082251 1
0.258068 1
0.100050 1
0.137635 1
0.241937 1
0.372301 8
0.196115 3
0.546242 1
0.094502 1
0.245428 1
0.163512 1
0.220323 1
0.202818 1
0.218828 1
0.210466 2
0.003888 72
0.004687 3416
4.965242 1
3.046370 2
0.317060 2
0.963993 6
0.349624 6
0.309496 1
0.403075 1
1.255008 14
0.638014 76
0.572640 76
1.337984 13
0.718488 48
0.753568 1
0.878767 1
0.556938 6
0.806384 1
0.665067 14
0.513918 21
0.856097 1
0.611519 2
0.775355 1
0.638247 1
0.847407 14
0.511210 21
0.921740 2
0.265864 6
0.190501 6
0.808411 2
0.487654 6
0.282478 12
1.903268 13
3.226053 570
0.038158 725
0.036889 727
0.051946 709
0.076566 750
0.302072 777
0.013427 733
0.010241 751
0.009137 741
0.013294 577
0.013640 73
0.019454 72
0.021734 72
0.022219 72
0.014845 72
0.014379 72
0.024110 72
0.050654 72
0.037226 72
0.129321 72
2.238649 12
0.311830 12
0.230245 1
1.002589 1
0.811618 14
0.506228 13
0.812502 13
0.120019 13
0.184374 13
0.990674 13
0.313750 13
0.712010 13
0.159488 13
0.198991 13
3.002240 1975
0.000155 259
0.894836 1970
0.000156 215
0.000068 6
1.177782 36
0.330377 27
0.381652 1
0.619535 1
0.460184 2
0.430606 27
0.296655 1
0.692832 2
0.282973 2
0.309786 6
0.200791 6
0.201094 6
0.283760 2
0.300247 2
1.008006 6
0.223385 6
1.242106 2
0.598933 6
0.690088 2
0.183919 2
0.275952 2
0.555440 2
0.248316 2
0.347567 6
0.282328 6
0.195001 6
0.171661 6
7.406621 6
1.144698 14
0.872370 41
0.867006 76
1.874802 77
0.871706 36
0.315617 27
0.363771 1
0.675974 2
0.594845 27
0.648908 6
1.082884 67
1.819707 14
0.372339 16
0.261318 13
0.286745 13
0.132050 13
0.140960 13
0.156625 13
0.372283 13
0.118660 13
0.541444 13
0.191804 13
6.693005 21
1.320995 30
0.818719 1
0.180067 1
0.523986 32
0.038681 93
0.000902 2
3.053987 2
0.037629 112
4.174182 1
0.564312 1
0.551620 1
0.161794 1
0.299884 1
0.153116 1
0.174970 1
0.184286 1
0.778301 1
0.107047 1
0.196455 1
1.347578 1
0.321031 1
0.253256 1
0.281132 1
0.110549 1
0.637295 1
0.110893 1
0.456750 1
0.181404 1
0.225555 1
0.202700 1
0.212216 1
0.290216 11
0.010989 112
1.945125 1
0.149973 1
0.155887 1
0.265726 1
0.109654 1
0.175935 1
0.233007 1
0.145673 1
3.155324 1
0.129666 1
1.075969 1
0.138369 1
0.723955 1
0.176981 1
0.123345 1
0.275740 1
0.188847 1
1.115583 1
1.329995 1
0.403752 1
0.239558 1
0.190379 1
0.209813 1
0.635494 1
0.152998 1
0.185099 1
0.227239 1
1.503796 1
0.734756 1
0.146590 1
1.385807 1
0.356251 1
0.250700 1
1.641763 1
0.309864 1
0.100822 1
0.196720 1
0.130315 1
1.367777 1
1.146434 1
1.157916 1
0.238609 1
0.085395 1
0.571547 1
0.100975 1
0.714614 1
0.105620 1
0.267182 4
0.168031 4
0.119329 1
0.142675 1
0.276847 1
0.236039 1
0.199092 1
0.255669 2
0.000100 9
0.015823 112
0.926467 1
0.081679 1
0.758303 1
0.100745 1
0.211239 1
0.054093 1
0.164881 11
0.009610 349
7.937152 1
0.071137 1
0.187091 1
0.801581 1
0.130533 1
0.289405 1
0.362284 1
0.107197 1
0.281276 6
1.433576 1
0.389224 1
0.312818 1
0.150719 1
1.117500 1
0.311949 1
0.111142 1
0.697610 1
0.123253 1
0.244733 1
0.195090 1
0.380087 1
0.268381 1
0.153890 1
0.467461 1
1.318601 1
0.142573 1
0.804998 1
0.119655 1
0.528542 1
1.863306 4
0.114904 1
0.185585 1
0.160720 1
0.249123 1
0.177906 1
1.354588 11
0.009516 112
3.243402 1
0.137154 1
0.169621 1
0.673934 1
0.161971 1
0.360911 1
0.249068 1
0.757446 1
0.942905 1
0.356095 4
0.531867 1
0.459773 5
0.923698 1
0.201254 1
0.000161 3
0.269325 1
0.201538 5
1.059998 1
0.386265 1
0.638757 4
0.302547 4
0.485329 1
0.186129 5
0.444903 2
0.000598 9
0.002128 345
0.000053 8
0.000074 104
41.251731 1
0.160074 1
0.157429 1
0.262604 1
0.104114 1
0.169750 1
0.149765 1
0.138417 1
4.957168 1
0.240038 1
1.972674 1
0.381394 1
0.996412 1
1.241908 4
0.282230 1
1.767883 1
0.275737 1
0.382310 1
0.132207 1
0.999866 1
0.155785 1
0.167135 1
0.385615 1
0.253590 1
0.478194 1
0.731424 4
0.335882 1
0.325729 1
0.135893 1
0.393255 1
1.509465 1
0.214936 1
1.566897 1
0.133490 1
0.253348 1
0.545148 1
0.365919 1
0.123726 1
0.448645 1
0.308162 1
0.146217 1
0.389150 1
0.410199 5
1.770111 1
0.307705 1
0.213581 10
0.536239 2
0.000574 9
0.001866 112
3.526008 1
0.104143 1
0.114019 1
0.144110 1
0.228925 1
0.113156 1
0.121558 1
0.107105 1
0.076468 1
0.140398 1
0.211341 11
0.056637 2
6.870204 1
0.379789 1
0.143312 1
1.902168 1
0.272825 1
0.179279 1
0.188037 1
1.812737 1
0.147669 1
0.551950 3
0.499341 3
0.003035 3
0.029664 3
0.029929 3
0.030223 3
0.031182 3
0.029865 3
0.030810 3
7.582174 1
0.112177 1
0.136048 1
0.590017 1
0.283611 1
0.347645 1
0.782389 1
0.710058 1
0.151549 1
0.145091 1
0.134470 1
0.570249 1
0.144606 1
0.142054 1
0.217487 1
0.184929 2
0.035545 2
2.338473 1
0.118210 1
0.193383 1
0.174141 1
0.324380 1
0.283139 1
0.166677 1
0.291641 1
0.604031 1
0.655864 1
0.135728 1
0.189990 1
0.160011 1
0.534166 2
0.468249 1
0.163793 1
0.495822 3
0.499436 3
0.002551 3
0.028781 3
0.030402 3
0.034859 3
0.036750 3
0.031676 3
0.319139 3
0.220318 3
4.950054 1
0.150190 1
0.161225 1
1.757431 1
0.136547 1
0.322652 1
0.434417 1
0.322459 1
0.136184 1
0.307714 1
0.329167 1
0.280452 1
0.189351 1
1.054117 1
0.395718 1
0.298153 1
2.090537 1
0.091606 1
0.492436 1
0.090977 1
0.682965 1
0.174539 1
0.239662 1
0.297577 3
0.160696 3
0.193266 1
0.749553 1
0.090642 1
0.388423 1
0.694325 2
0.005273 2
2.826284 1
0.102203 1
0.205737 1
0.387049 1
0.292728 1
0.313192 1
0.269034 1
7.827778 1
0.197549 1
0.166506 1
0.253425 1
0.312407 1
1.006172 1
0.174477 1
0.209211 1
0.681794 1
0.498069 7
0.658120 3
0.504536 3
0.002652 3
0.032215 3
0.034948 3
0.036405 3
0.032846 3
0.570389 3
0.779479 1
0.078785 1
0.168866 1
0.113760 1
0.158779 1
0.388185 3
0.100821 1
0.815568 3
0.335687 1
0.240955 1
0.311552 3
0.159543 3
0.148714 1
0.451972 1
0.247636 1
0.244590 1
0.209273 1
0.313728 2
0.005881 61
0.000464 2
6.097964 2
0.000332 2
1.648411 2
0.041967 112
4.577946 1
0.195969 1
0.167825 1
0.261430 1
0.101228 1
0.162881 1
0.152661 1
2.223150 1
0.914713 1
0.174682 1
0.508550 1
0.106195 1
0.602616 1
0.079997 1
0.277875 1
0.175214 3
0.256552 3
0.288186 3
0.498154 3
0.285855 1
0.306974 1
0.204423 1
0.202126 1
0.245618 1
0.355919 2
0.001142 9
0.003020 19
0.000217 15
0.000468 404
0.000424 112
39.356298 1
0.075386 1
0.978036 11
0.000242 60
1.311480 1
0.174577 1
0.774179 1
0.336914 1
0.385313 1
0.524438 1
0.427948 4
0.266477 1
1.323780 1
0.315270 1
0.220533 1
0.397191 1
0.208212 1
0.376876 1
0.780045 1
0.155594 1
0.250053 1
0.197677 1
0.200981 1
0.772434 1
0.207400 1
0.154227 1
0.205117 1
1.024552 1
0.921186 11
0.002651 60
2.129952 1
0.164275 1
0.692534 1
0.112702 1
0.178356 1
0.146229 1
0.203830 1
0.300958 1
0.285112 11
0.004109 923
0.000125 52
9.207701 1
0.057979 1
1.082679 4
0.202210 4
0.857292 11
0.000160 6
0.000676 2
0.040703 28
0.004420 54
0.000400 44
0.000649 25
0.000073 118
2.661305 1
0.105267 1
1.754096 4
0.190133 4
0.200465 1
1.923157 1
0.121544 1
3.002501 4
0.509185 4
0.002214 1
0.031785 1
0.035578 1
0.032820 1
0.029265 1
0.451219 1
0.134779 1
0.899772 1
1.517843 1
0.928388 1
1.549745 1
0.346132 1
0.172121 1
0.295515 1
0.112863 1
0.527789 1
0.113603 1
1.008359 1
0.222073 1
0.369477 4
0.162858 4
0.459006 1
0.148728 1
0.453868 1
0.273986 1
0.187823 1
0.401413 11
0.000045 36
0.005435 28
0.003437 241
1.453587 1
0.121673 1
0.203136 1
0.168487 1
0.433135 1
0.126500 1
0.271256 1
0.127719 1
0.656210 1
0.238340 1
0.401598 4
0.175198 4
0.198552 1
0.265899 1
0.384908 1
0.329003 1
0.406259 4
0.115742 1
0.178015 1
0.379720 11
0.000652 36
0.004799 121
0.000478 28
0.003101 54
0.000041 44
0.000009 25
0.000193 118
10.229736 1
0.069553 1
0.116083 1
0.153367 1
0.198506 1
0.640415 1
0.424872 1
0.913970 1
0.292449 1
0.160607 1
0.214629 1
2.797057 1
0.518221 1
0.187601 1
0.874701 1
0.779765 1
0.170413 1
0.202714 1
0.156335 1
0.709166 1
0.257477 1
0.229198 1
0.228495 1
0.213509 1
0.499218 11
0.000645 36
0.007393 31
1.751529 2
0.026192 28
0.004183 241
2.535047 1
0.175885 1
1.008495 1
0.480263 1
0.153773 1
0.299542 1
1.155142 1
0.242671 1
0.155547 1
0.657554 1
0.095727 1
0.527680 1
0.337845 1
0.262184 1
0.212332 1
0.467706 4
0.187938 4
0.080472 1
0.240669 1
0.169920 1
0.208299 11
0.000597 36
0.003745 34
0.000167 28
0.001223 54
0.000078 44
0.000020 25
0.000064 8
0.000015 110
71.755032 1
0.131765 1
0.142116 1
0.267662 1
1.485695 1
0.390819 1
0.157073 1
0.789573 4
0.176474 4
0.358917 1
0.271390 1
0.111847 1
0.249082 1
0.368998 1
0.544876 4
0.544074 4
0.355607 1
0.258033 1
0.401689 1
0.952965 1
0.636674 1
0.150764 1
0.267926 1
0.225813 1
0.142078 1
0.175218 1
0.180271 1
0.677247 1
0.201314 1
0.417606 4
0.163935 4
0.428871 1
0.232619 1
1.255169 1
0.405549 4
0.621639 1
0.354181 1
0.341978 1
0.514432 117
0.002591 54
0.000049 69
0.000139 118
6.997030 1
0.026893 1
0.236879 1
0.868565 1
0.126043 1
0.288340 1
0.220474 1
0.475112 4
0.187629 4
0.254757 4
0.179139 1
0.326707 8
2.065691 1
0.429914 1
0.169728 9
1.441575 1
0.504483 1
0.002421 1
0.029321 1
0.032331 1
0.740194 5
0.293684 5
0.203817 5
0.094647 5
0.474177 47
0.002101 73
0.000265 28
0.005161 54
0.000224 44
0.000072 25
0.000214 118
2.854199 1
0.147602 1
0.124777 1
0.237076 1
0.135619 1
0.206338 1
0.115351 1
1.177126 1
1.048832 5
0.323144 47
0.001074 56
0.000776 28
0.001230 54
0.000133 44
0.000012 25
0.000177 118
5.119788 1
0.172527 1
0.107837 1
0.122037 1
0.132654 1
0.767624 1
0.141744 1
0.336261 1
0.222587 1
0.174766 1
0.198428 1
0.543729 1
0.208930 1
0.268578 1
0.152340 1
1.251761 1
0.154588 1
0.154462 1
0.122799 1
0.408376 1
0.318131 1
0.435809 4
0.368185 6
0.398254 47
0.027676 28
0.000998 54
0.000038 44
0.000024 25
0.000114 118
1.568860 1
0.195929 1
1.668628 1
0.237268 1
0.162627 1
0.509132 1
1.432474 11
0.000774 36
0.001582 70
0.000939 28
0.002371 54
0.000191 44
0.000271 143
110.411979 11
0.000525 4
0.000026 2
