0.033686 28
0.001206 54
0.000031 44
0.000156 25
0.000484 118
14.194657 1
0.109032 1
0.200191 1
0.163992 1
0.194205 1
0.347538 1
0.216267 1
0.145886 1
0.108750 1
0.091437 1
0.111160 1
0.125024 1
0.157169 11
0.000008 36
0.597718 2
1.864550 1
0.221298 1
0.153142 1
0.287536 1
0.436554 1
0.195587 1
0.280209 1
0.305850 1
0.573920 1
0.688507 1
0.549502 4
0.504313 3
0.182077 3
0.175278 6
0.182347 3
1.480632 1
0.297918 1
0.401593 1
0.484359 1
0.277666 1
1.190239 1
0.763777 1
0.270408 1
1.933650 1
0.954169 1
0.191595 1
1.542605 1
0.491999 1
0.703430 1
0.182078 1
0.090574 1
0.371580 1
0.213507 1
0.148023 1
0.238173 1
0.182813 1
0.107798 1
1.495261 1
0.190265 1
0.205887 1
0.143870 1
0.424021 1
0.142439 1
0.202008 1
1.236397 1
0.203563 1
0.107419 1
3.111171 1
0.387611 1
0.394004 1
0.198597 1
0.159014 1
0.126159 1
0.692106 1
0.234536 1
0.165325 1
0.228074 1
0.187493 1
0.099875 1
0.192085 1
0.101669 1
0.215114 1
0.213468 1
1.028592 1
0.109593 1
0.207907 1
0.116044 1
1.894313 1
0.207276 1
1.827323 1
0.661083 1
1.348179 1
0.844028 1
0.335123 3
0.186670 3
0.582236 1
0.702018 1
0.539825 2
0.000102 61
68.564735 2
0.177448 2
0.448115 3
0.187932 3
0.785451 1
0.235761 1
0.118372 1
0.213109 1
0.250899 1
0.538410 1
0.209090 1
0.230428 1
1.564479 1
5.627566 1
1.588914 1
0.762976 1
0.463723 1
0.286130 1
0.700002 1
0.396218 1
0.196073 1
0.314001 1
1.831491 1
0.258634 1
0.099128 1
0.180745 1
1.225106 1
0.526719 1
0.186297 1
0.291889 1
0.224236 1
0.112043 1
0.165378 1
0.103722 1
0.250695 1
0.146728 1
0.440697 1
0.332437 3
0.167789 1
0.200099 1
0.343449 1
0.162514 1
0.168104 1
0.117831 1
0.364058 1
0.192221 1
0.543462 1
0.142733 1
0.163548 1
0.119419 1
0.562636 1
0.213918 1
0.109716 1
0.210212 1
0.165949 1
0.093611 1
0.184578 1
0.050665 1
0.219079 1
0.144609 1
0.579755 1
0.125955 1
0.320491 1
0.087283 1
2.280323 1
0.143230 1
0.384942 1
0.378443 1
0.199176 1
1.013934 1
0.702295 2
0.000022 57
0.000011 2
27.054616 4
0.146628 4
0.506376 4
0.548649 4
0.611383 3
0.499804 3
0.000198 6
0.038651 3
0.026077 3
0.030096 6
0.033367 3
0.030806 3
0.030668 6
0.026429 3
0.036477 3
0.028142 6
0.483258 2
0.200199 2
0.130266 2
0.209548 2
0.148105 1
0.208658 1
0.156595 2
1.202616 1
0.766374 2
0.659391 3
1.024451 1
0.592142 1
0.294069 1
0.826268 1
0.199739 1
0.196816 1
1.079426 1
4.131672 1
0.203975 1
1.951859 1
2.105133 1
0.202568 1
0.079802 1
0.260675 1
0.371967 1
0.240128 1
0.153280 1
0.542159 3
0.280179 1
0.294415 1
0.185816 1
0.085031 1
0.157366 1
0.119444 1
0.201992 1
0.278226 1
0.785815 1
0.188997 1
0.183088 1
0.703594 3
0.264070 1
0.154261 1
0.147645 1
0.138224 1
0.352098 1
0.237922 1
0.363816 1
0.134779 1
0.115167 1
0.054999 1
0.134235 1
0.351035 1
0.175446 1
0.376660 3
0.155878 1
0.088414 1
1.433711 1
0.194428 1
0.081267 1
0.174350 1
0.026887 1
0.209113 1
0.095152 1
0.519111 1
0.098663 1
0.191032 1
0.098558 1
1.039367 1
0.105020 1
0.881282 1
0.301987 1
0.774662 1
0.607953 3
0.343232 1
0.602037 1
0.383715 3
0.388307 3
0.309932 1
0.392371 1
0.441425 2
0.000215 31
1.214254 4
0.664929 4
0.392735 3
0.511908 3
0.008002 6
0.023692 3
0.030686 3
0.029540 6
0.632510 1
0.177648 1
0.133965 1
0.205672 1
0.119135 1
1.140810 1
0.217575 1
0.743186 1
0.431987 1
0.784359 1
0.355818 1
0.900278 1
0.193189 1
0.183709 1
0.624629 1
0.349922 1
0.169604 1
1.734254 1
2.101856 1
0.196181 1
0.145721 1
0.196632 1
0.707483 1
0.200382 1
0.127394 1
0.258134 1
0.208144 1
0.098972 1
0.212673 1
0.116407 1
0.207948 1
0.183187 1
0.167057 1
0.057641 1
0.042335 1
0.019113 1
0.047971 1
0.057566 1
0.132881 1
1.369648 1
0.136386 1
1.434425 1
0.846387 1
0.574650 1
0.441330 3
0.363377 1
0.371846 1
0.709660 2
0.000134 40
18.581648 1
0.140630 1
0.128956 1
0.243340 1
0.405622 1
0.231421 1
0.166204 1
0.512554 1
0.340852 1
1.222455 1
0.538918 1
0.421461 1
0.671567 1
0.124912 1
0.507500 1
1.992343 1
0.222213 1
0.199332 1
1.034043 1
0.448451 1
0.165598 1
2.217562 1
0.270684 1
0.176257 1
0.097413 1
1.734499 1
0.461399 3
0.524958 1
0.161422 1
1.771972 1
0.263577 1
0.248385 1
1.919662 1
0.256610 1
0.300058 3
0.300089 1
0.187151 1
2.195995 1
0.215156 1
0.173230 1
1.839737 1
0.242633 1
0.125522 1
0.117223 1
0.172804 1
0.488925 1
0.193244 1
0.179793 1
0.083296 1
0.174092 1
1.840986 1
0.106926 1
2.719765 1
0.293840 1
0.457977 1
1.755954 1
0.407540 1
0.105460 1
2.160876 1
0.581620 1
0.153973 1
1.490820 1
0.307056 3
0.326281 1
0.197864 1
0.215998 1
0.204483 1
0.215719 1
1.132305 1
0.107057 1
0.699130 1
0.241234 1
0.461430 1
0.653971 1
9.013898 1
0.256863 1
0.132290 1
0.104780 1
0.115509 1
0.129332 1
0.609040 4
3.462459 4
2.026611 1
0.522132 2
0.000106 70
16.082400 1
0.141249 1
0.126477 1
0.210503 1
0.160976 1
1.478008 1
0.309738 3
0.228867 1
0.357811 1
0.812078 1
2.291749 1
0.466092 1
0.990785 1
0.532781 1
1.074832 3
1.427955 1
0.513107 1
0.176142 1
0.298725 3
1.073349 1
0.199815 1
1.898372 1
0.318351 1
4.823397 3
0.203757 3
0.195396 3
0.618833 1
0.187702 1
0.176293 1
1.889722 1
5.843569 1
0.270066 1
0.235837 1
0.129099 1
0.191152 1
0.141546 1
0.871924 1
0.513837 1
0.915821 1
0.288745 1
0.207285 1
0.176211 1
0.170179 1
0.333805 1
0.397099 1
0.444882 1
0.621067 3
0.180810 1
0.246133 1
3.312267 1
0.122566 1
2.202740 1
0.375141 1
0.250525 3
0.184046 3
0.473285 1
0.240647 1
0.178250 1
1.376055 1
0.183174 1
0.165793 1
0.055833 1
1.952814 1
0.074708 1
4.184190 4
0.501121 4
0.002588 4
0.027272 4
0.467742 3
0.223630 3
0.185678 6
0.204426 3
0.209848 3
0.184041 6
0.209591 3
0.188582 3
0.193914 6
0.182390 3
0.167881 3
0.182394 6
4.341609 1
0.237191 1
0.146062 1
1.516197 3
0.351681 3
2.263382 3
0.195374 3
0.232188 3
0.317063 1
0.246577 1
0.104310 1
1.437572 1
0.161625 1
0.194272 1
1.132095 1
0.196075 1
0.120000 1
0.073616 1
0.195953 1
0.130081 1
0.202742 1
0.200956 1
0.578254 1
0.125820 1
1.601173 1
0.136920 1
0.090292 1
0.908182 1
0.554704 1
0.101762 1
0.758463 1
0.181133 1
0.182404 1
0.158516 1
0.457438 1
1.922681 1
0.154246 1
0.832244 1
0.285225 1
0.210944 1
2.331989 1
0.152049 1
0.222002 1
0.292325 1
0.091565 1
0.120004 1
0.150449 1
0.266263 2
0.000096 2
1.312097 1
0.211550 2
0.000693 78
11.732742 1
0.129384 1
0.146010 1
0.331718 1
1.491166 1
0.214151 1
0.289448 3
0.219407 1
0.145067 1
0.971389 1
0.329306 1
0.597236 1
0.198952 1
0.323832 1
0.157146 1
0.199177 1
1.197353 1
0.230453 1
0.418228 1
0.676596 1
0.103577 1
0.121454 1
0.086707 1
0.948320 1
0.471135 2
0.000132 19
7.048247 4
0.302637 4
0.693955 3
0.504075 3
0.009334 6
0.020255 3
0.033115 3
0.034346 6
4.368296 1
0.182636 1
0.124336 1
0.284731 1
3.066108 1
0.539525 1
0.885387 1
0.211551 1
0.182144 1
0.141547 1
1.115944 1
0.298907 1
0.410613 1
0.184245 1
0.106749 1
0.208452 1
0.132407 1
0.328637 1
0.428117 1
0.205379 1
0.130418 1
0.135894 1
0.095325 1
0.077499 1
0.182818 1
1.263767 1
0.880713 1
0.516047 1
0.107131 1
0.200801 1
0.365699 1
0.914566 1
0.311679 27
0.000089 2
0.000010 2
1.672040 4
0.815658 3
0.500933 3
0.033747 6
0.464078 1
0.187345 1
0.110889 1
0.220790 1
0.153923 1
0.478168 1
0.740160 1
0.324403 3
0.407719 1
0.194816 1
0.174750 1
0.097239 1
0.995433 1
1.093747 1
0.185817 1
0.625892 1
0.128921 1
0.157391 1
0.894519 1
0.623187 1
0.238086 1
0.229904 1
0.027149 1
0.128590 1
0.185326 1
0.106557 1
0.027010 1
0.975589 3
0.190170 3
2.717975 3
0.506657 3
0.008344 3
0.026624 3
0.029466 3
0.036451 3
0.042768 3
0.031078 3
0.030908 3
0.036212 3
0.030112 3
0.038325 3
0.033954 3
0.030722 3
0.035784 3
0.035145 3
0.030838 3
0.030436 3
0.031483 3
0.031003 3
0.041661 3
0.025897 3
0.034855 3
0.363145 1
0.124115 1
0.196036 1
0.064492 1
0.428361 1
0.083839 1
0.127004 1
0.507627 1
0.207169 2
0.035530 96
0.000231 2
2.957933 1
0.095075 1
0.181895 1
0.067966 1
0.358568 1
0.259526 1
0.224644 2
0.000104 2
2.755936 1
0.165200 1
0.146916 1
0.232274 1
2.989298 1
0.983529 1
0.462716 1
0.081981 1
0.153940 1
0.100916 1
0.467041 1
0.266426 1
0.243332 1
0.632720 1
0.106113 1
0.163525 1
0.114916 1
0.152898 1
0.475716 1
0.168028 1
0.125910 1
0.134210 1
0.100056 1
0.045069 1
0.225487 1
1.098489 1
0.980937 1
0.721085 1
0.090565 1
0.170538 1
0.122060 1
0.849096 1
0.260454 2
0.000195 29
35.574268 1
0.112587 1
0.131069 1
0.277607 1
0.408543 1
0.506054 1
0.410083 1
0.107337 1
0.208938 1
0.175516 1
1.388868 1
1.006567 1
0.161026 1
0.668485 1
0.092899 1
0.202267 1
0.094512 1
0.333680 1
1.600495 1
0.189719 1
0.129855 1
0.174765 1
0.157183 1
0.087187 1
0.358197 1
0.284759 3
0.176889 3
0.160788 3
0.505011 3
0.167295 1
0.083713 1
0.248410 1
0.109044 1
0.596659 3
0.167811 3
0.218895 1
0.102910 1
1.076545 1
0.839267 1
0.450704 1
0.679001 1
0.115782 1
0.241039 1
0.270001 1
0.609508 1
0.452642 3
0.243539 1
0.224233 2
0.000149 30
4.560364 1
0.177790 1
0.125752 1
0.200045 1
0.117244 1
0.294655 1
0.417984 1
0.075122 1
0.164561 1
0.126317 1
0.396220 1
0.273658 1
0.457970 1
0.267330 1
0.106189 1
0.170511 1
0.109955 1
0.414291 1
0.496122 1
0.181631 1
0.132487 1
0.662883 1
0.070353 1
0.140392 1
0.110412 1
1.030361 1
0.877860 1
0.734429 1
0.350753 1
0.115697 1
0.182560 1
0.075319 1
0.862774 1
0.479722 2
0.000103 29
21.645197 1
0.082903 1
0.135110 1
0.219292 1
0.255837 1
1.319289 1
0.813901 1
0.318317 3
0.294309 1
0.143890 1
0.098425 1
0.173468 1
0.208021 1
0.446634 2
0.000087 7
0.000187 4
2.532358 1
0.118202 1
0.168296 1
0.111303 1
0.653323 2
0.006167 61
5.599095 1
0.186475 1
0.140494 1
0.223788 1
0.180013 1
0.827963 1
0.460047 1
0.085579 1
0.204514 1
0.117261 1
2.315902 1
0.210687 1
0.145581 1
0.472414 1
0.115854 1
0.172998 1
0.112945 1
0.085873 1
1.710269 4
3.392088 1
0.533073 1
0.156307 1
0.120062 1
0.173965 1
0.095465 1
0.099607 1
0.598828 1
1.349838 1
0.360462 4
0.108566 1
1.734582 1
0.558722 1
0.326302 1
0.478385 1
0.147487 1
0.242092 1
0.381790 4
0.222988 1
0.117043 1
0.942683 1
0.571538 2
0.000155 9
0.000015 25
0.000019 2
0.000071 8
0.000030 53
88.533096 2
0.103080 2
0.116827 2
0.212697 2
0.201253 1
0.417651 4
0.514543 4
0.009301 4
0.026445 4
0.035196 4
0.032032 1
0.028202 1
0.505849 1
0.186879 1
0.156730 1
0.235916 1
0.110560 1
1.357105 1
0.169980 1
0.856286 1
0.331974 1
0.261585 1
0.376264 4
0.345514 1
0.318744 1
0.136276 1
0.222835 1
0.072924 1
1.578001 1
0.223780 1
1.718749 1
0.151224 1
0.120823 1
0.088726 1
0.111300 1
0.495368 1
1.946373 1
0.087639 1
0.465645 4
0.141514 1
0.883206 1
0.226712 1
0.112603 1
0.226285 1
0.164343 1
0.327588 1
0.730074 1
0.315135 98
2.771926 31
0.216936 1
0.513028 1
0.006499 1
0.026936 1
0.036125 1
0.034556 1
0.032308 1
0.031232 1
0.030455 1
0.031642 1
0.033688 1
0.030918 1
0.030032 1
0.037009 1
0.034751 1
0.039310 1
0.032974 1
0.033250 1
0.034419 1
0.032029 1
0.038981 1
0.025913 1
0.036292 1
0.037377 1
0.312183 1
0.262407 5
0.244450 5
0.362340 93
5.619026 1
0.179959 1
0.125601 1
0.224501 1
0.092606 1
1.045327 1
0.403679 1
0.149913 1
0.685754 1
0.429115 1
1.723189 1
0.627758 1
0.106639 1
0.163701 1
0.437891 1
0.234221 1
0.160889 1
1.013148 1
0.180007 1
0.160307 1
0.394089 1
0.863184 1
0.513127 4
0.555540 1
0.259566 1
0.206069 1
0.146367 1
0.188618 1
0.205156 1
0.142809 1
0.285113 1
0.144371 1
0.553797 1
0.231640 1
0.132871 1
0.203451 1
0.147290 1
0.214258 1
0.190329 1
0.146415 1
0.117476 1
1.261566 1
0.358822 1
0.480003 1
0.589442 1
0.580204 1
0.318310 1
0.244476 1
0.111298 1
0.667003 1
0.435407 21
1.015576 68
5.635779 48
0.614761 1
0.795101 3
1.231464 3
0.287014 3
1.638085 2
0.000109 19
1.010684 10
0.000018 8
0.000047 53
82.261777 1
0.171680 1
0.142596 1
0.317073 1
0.193006 1
0.438835 1
0.151325 1
0.247464 1
0.777128 1
0.936239 1
0.190018 1
0.723912 1
0.395854 11
0.000006 3
0.000147 61
4.277759 1
0.161948 1
0.103077 1
0.178307 1
0.726715 1
0.496048 1
1.437744 1
0.496492 1
2.609186 1
1.834506 1
0.414317 1
0.121447 1
0.488510 1
2.717595 1
0.522689 1
1.922075 1
0.321523 1
0.157287 1
0.311094 1
1.274450 1
0.137322 1
1.477544 1
1.785706 4
0.344952 1
0.393217 1
1.925770 1
2.362327 2
0.459358 2
0.128716 2
1.345898 1
0.652644 1
0.453841 1
0.931714 2
0.377523 2
0.305285 1
0.617023 4
0.174252 4
0.385736 2
0.589700 2
0.293728 2
0.131338 2
0.482595 2
0.123559 2
1.075859 1
0.339352 99
2.457635 48
1.906155 99
1.355577 2
0.727214 4
0.680144 2
0.502751 2
0.000800 2
0.049528 1
0.000069 1
0.015975 1
0.000042 1
0.030067 1
0.000040 1
0.030848 1
0.000031 1
0.031073 1
0.000027 1
0.255716 4
0.499424 4
0.000043 4
0.037838 4
0.023476 4
0.030571 4
0.029672 4
0.031224 4
0.033214 1
0.029998 1
0.031447 1
0.030198 1
0.272839 48
9.912895 1
0.911611 1
0.325915 1
0.116423 1
0.109615 2
0.206472 1
0.329705 4
0.207250 4
1.206651 1
0.157631 1
0.526487 1
0.473339 1
0.622866 1
0.851407 1
0.218228 1
0.847992 4
0.181787 4
0.996997 1
0.278864 1
0.127128 1
0.158977 1
1.486421 1
0.661834 1
1.261158 1
0.784726 1
0.172085 1
0.195583 1
0.344765 1
0.351363 1
0.686190 4
0.379871 4
2.482180 1
0.179316 1
0.601908 1
0.739631 1
1.257294 1
1.394988 2
0.287595 2
0.149179 2
0.100958 2
0.329523 1
0.360064 4
0.779730 1
0.317648 1
0.425987 1
1.507041 1
0.194244 1
0.987141 2
0.507482 4
1.276509 1
0.335763 1
0.723963 1
0.387421 1
0.144454 1
0.135108 1
0.348469 4
0.185069 4
0.348058 4
0.294837 1
0.267157 1
0.085882 1
0.175523 1
0.097949 1
0.731453 1
1.784468 1
0.494403 1
1.259982 1
1.453066 1
0.268443 1
0.170259 3
0.354096 1
0.620873 1
2.655254 1
1.387783 1
0.410219 1
1.475694 1
0.168316 1
0.437451 1
0.184261 1
0.370138 4
0.188387 4
0.455566 1
0.245866 1
2.067125 1
1.768488 1
0.595145 1
1.479359 2
0.275834 2
0.178184 2
0.107331 2
1.533744 1
0.612242 1
0.378531 1
0.458198 1
0.280991 1
0.312839 4
0.169957 4
0.083868 1
0.127277 1
0.568775 1
1.030627 11
0.000092 27
0.171307 108
0.011397 84
12.373941 127
2.099410 1
0.506197 1
0.010390 1
0.020262 1
0.035969 1
0.030052 1
0.029599 1
0.026342 1
0.030899 1
0.031177 1
0.029939 1
0.036385 1
0.026342 1
0.036059 1
0.031217 1
0.029432 1
0.032959 1
0.033087 1
0.033988 1
0.031613 1
0.034945 1
0.042970 1
0.030793 342
0.033215 1
0.031447 1
0.031243 1
0.038860 1
0.030188 1
0.036493 1
0.033788 1
0.033832 1
0.030979 1
0.034939 1
0.030285 1
0.034274 1
0.030195 1
0.037580 1
0.031797 1
0.032020 1
0.035156 1
0.031670 1
0.032079 1
0.031733 1
0.031202 1
0.031203 1
0.036368 1
0.031375 1
0.032463 1
0.031232 1
0.040444 1
0.035431 1
0.031003 1
0.030111 1
0.030325 1
0.042316 1
0.039417 1
0.033552 1
0.036892 1
0.029235 1
0.033302 1
0.032276 1
0.034778 1
0.033007 1
0.032274 1
0.426095 247
0.703390 3
0.000075 11
0.000010 25
0.000019 2
0.000033 21
0.000017 2
0.000029 21
0.000068 10
0.000031 53
5.136417 1
0.133472 1
0.054449 1
0.160385 1
0.107356 1
0.116196 1
0.117667 1
0.220586 1
0.751969 1
0.262757 1
0.255635 1
0.168280 1
0.188451 1
0.181159 1
0.538422 1
0.301965 1
0.313874 1
0.352926 4
0.171237 1
0.121620 1
0.135664 1
0.176836 1
0.249825 1
0.137898 1
0.764094 1
0.288051 1
0.243414 1
0.368013 1
0.173835 1
0.378500 1
0.638019 1
2.731249 1
1.127076 1
0.727892 1
0.188529 1
0.341136 4
0.156851 4
0.365427 1
0.102594 1
1.837666 1
0.020873 1
0.444432 4
0.643739 1
0.274591 1
0.223822 1
0.130505 1
0.495470 1
0.190662 1
0.101150 1
0.236478 1
0.251451 1
0.484548 1
0.267730 1
0.196070 1
0.127199 1
0.210036 1
0.140472 1
0.442287 4
0.164398 1
0.317781 1
0.786775 1
0.172750 1
0.186106 1
0.135137 1
0.204879 1
0.469982 11
0.000016 2
1.023106 2
1.010861 2
1.007999 63
3.319409 1
0.161313 1
0.185690 1
0.382674 1
0.811791 1
0.981878 1
1.957056 2
0.279046 2
0.114495 2
0.800292 2
0.205968 2
0.212443 2
1.270470 2
0.253101 4
0.792746 1
1.398429 1
0.215131 1
0.165955 1
0.117539 1
0.295076 1
0.328550 1
0.350155 1
1.301469 1
0.402932 1
0.106461 1
0.452231 1
0.206026 1
1.152189 1
0.181541 1
0.184252 1
0.229498 1
0.118523 1
0.130986 1
0.083164 1
0.663123 4
0.131168 1
0.755418 4
0.500126 4
0.037587 4
0.029326 4
0.033853 4
0.033297 4
0.033264 4
0.727033 4
0.701340 1
0.370565 1
0.512926 1
0.010712 1
0.029947 1
0.028412 1
0.044919 1
0.028666 1
0.030930 1
0.020968 1
0.031907 1
0.040491 1
0.033006 1
0.032823 1
0.411466 3
0.518440 5
0.286467 3
0.508979 3
0.007838 3
0.029851 3
0.033053 3
0.030521 3
0.033184 3
0.030944 3
0.036096 3
0.030976 3
0.031779 3
0.033548 3
0.354052 1
0.946762 1
0.201013 1
0.166933 1
0.157659 1
0.204103 1
0.141865 1
0.142544 1
0.126527 1
0.612967 1
0.514969 1
0.278508 1
0.151064 1
1.425922 1
0.379753 1
0.544617 1
1.330030 1
0.167496 1
1.677796 1
0.760977 1
1.825320 1
0.498026 100
5.612542 1
0.092242 1
0.187404 1
1.169930 1
0.703538 1
0.633771 1
0.624420 1
0.109351 1
0.719923 4
0.446325 1
0.120159 1
0.330859 1
0.387946 2
0.000145 17
0.000031 53
1.814622 1
0.191287 1
0.184408 1
0.225598 1
0.405360 1
0.294248 1
1.690451 1
0.137524 1
0.157904 1
0.414538 1
0.368342 16
0.000043 61
1.793097 1
0.192262 1
0.217498 1
0.534654 1
0.678287 1
0.350784 1
0.340417 1
0.087210 1
0.200777 1
0.193483 21
1.223017 1
0.215713 11
0.000061 61
1.909913 1
0.240342 1
0.159594 1
0.275860 1
1.251803 1
0.446046 1
0.649062 1
0.114762 1
0.140102 1
0.204678 1
0.271401 2
0.000090 9
0.000010 3
0.000018 2
0.000089 61
3.139708 1
0.120094 1
3.058008 1
1.164565 1
0.733519 1
0.454304 1
0.959832 1
0.483983 1
0.124722 1
0.123441 1
0.395685 1
0.724059 4
0.280239 1
0.629771 1
0.271977 1
0.202433 1
0.113427 1
0.281035 1
1.567370 1
0.239886 1
0.199938 1
0.658076 1
0.512001 2
0.000712 9
0.000191 61
0.878651 1
0.214091 1
0.144559 1
0.223860 1
0.111672 1
0.353855 1
0.910295 1
0.133792 1
0.128390 1
0.235622 1
0.294349 85
3.221757 1
0.196416 1
0.159864 1
0.205763 1
0.151680 1
0.272324 1
0.208019 1
0.119470 1
0.114289 1
0.212493 1
0.305505 72
4.417697 1
0.151380 1
0.197014 1
0.207951 1
0.346207 1
1.453720 1
0.527757 1
0.202197 1
0.138726 1
0.114176 1
0.397530 1
0.769853 1
0.344290 11
0.000014 8
0.000035 53
2.108254 1
0.193729 1
0.173214 1
0.430108 1
0.140442 1
0.888830 1
1.080986 1
1.443572 1
0.065668 1
0.214661 1
0.222143 1
0.762607 1
0.360693 1
0.702483 1
2.132472 1
1.883730 1
0.453696 1
1.215959 1
0.888541 1
0.281393 1
0.726323 1
0.234957 1
2.406871 4
0.501849 4
0.001205 4
0.032384 4
0.031846 4
0.032024 4
0.036272 4
0.038991 4
0.032114 4
0.045107 4
0.033888 4
0.033567 4
0.033376 4
0.032714 4
0.038897 4
0.027855 4
0.031231 4
0.033718 4
0.033056 4
0.035306 4
0.033663 4
0.034417 4
0.033324 1
0.033113 1
0.033960 1
0.031753 1
0.030662 1
0.031839 1
0.031363 1
0.031066 1
0.034526 1
0.381169 1
0.128000 1
0.069266 1
0.186643 1
0.145640 1
0.208539 1
0.133791 1
0.211187 1
0.450947 1
0.171038 1
0.439191 1
0.186334 1
0.175581 1
0.187781 1
0.789011 1
0.339167 1
0.261744 1
0.127969 1
0.099944 1
0.451354 1
0.176476 1
0.186207 1
0.272088 4
0.251911 4
0.196658 4
0.167582 4
0.527397 1
0.184481 1
0.181194 1
0.145422 1
0.253510 1
0.169609 1
4.845530 1
0.206699 1
0.406124 1
0.288039 1
2.123955 1
1.699557 1
0.504756 1
2.275677 1
10.279787 1
0.107535 1
0.178583 1
0.147051 1
0.117030 1
0.174073 1
0.114379 1
0.312711 1
0.152521 1
0.170933 1
0.193400 1
0.236341 1
0.130645 1
0.140973 1
0.428307 4
0.191705 4
0.205702 1
0.611074 1
0.133179 1
1.534110 1
0.295895 2
0.000679 18
1.014401 9
1.007991 9
1.029830 61
0.970371 48
0.324937 1
0.512365 1
0.005744 1
0.027522 1
0.030800 1
0.030595 1
0.032463 1
0.031588 1
0.043685 1
0.030457 1
0.030533 1
0.038445 1
0.030578 1
0.031724 1
0.031043 1
0.029958 1
0.042280 1
0.031682 1
0.030742 1
0.033665 1
0.036446 1
0.033230 1
0.167166 1
0.177718 1
0.515557 5
0.298075 3
0.419602 1
0.318071 5
0.288461 3
0.508143 3
0.003213 3
0.028114 3
0.036418 3
0.033559 3
0.032719 3
0.295747 3
0.639949 5
0.391873 1
0.988708 17
1.068064 6
1.015563 6
1.016867 61
1.191834 51
0.400605 1
0.506111 1
0.004500 1
0.030722 1
0.036558 1
0.036041 1
0.032982 1
0.033669 1
0.032757 1
0.034277 1
0.033088 1
0.032994 1
0.031054 1
0.176144 1
0.158823 1
0.197924 1
0.307164 1
1.525340 5
0.216107 5
0.217885 5
0.202726 5
0.947667 11
0.000436 1
0.000020 2
1.053800 3
1.028960 3
1.009753 61
0.840257 47
0.384014 1
0.509479 1
0.004801 1
0.030600 1
0.032226 1
0.037133 1
0.032921 1
0.033597 1
10.312343 3
0.507137 3
0.004266 3
0.026692 3
0.030659 3
0.042681 3
0.034209 3
0.032652 3
0.035271 1
0.033882 1
0.033209 1
0.444312 4
0.504398 4
0.003898 4
0.028114 4
0.035346 4
0.036096 4
0.035542 4
0.035259 4
0.033901 4
0.031897 4
0.034669 4
0.032413 4
0.033722 4
0.034609 4
0.037460 4
0.034621 4
0.031975 4
0.034907 4
0.030647 4
0.034316 4
0.033250 4
0.034749 4
0.032545 4
0.033859 4
0.032740 4
0.033496 4
0.039135 4
0.025047 4
0.033880 4
0.030969 4
0.036684 4
0.030740 4
0.036451 4
0.032499 4
0.034674 4
0.033716 4
0.033069 4
0.033108 4
0.033863 4
0.032893 4
0.031056 4
0.036164 4
0.032200 4
0.033315 4
0.033288 4
0.033685 4
0.032655 4
0.034171 1
0.030847 1
0.031764 1
0.036980 1
0.032953 1
0.032871 1
0.031361 1
0.135685 1
0.178491 1
0.113184 1
0.268585 1
0.280363 1
1.511674 1
2.807356 4
0.505293 4
0.004894 4
0.040233 4
0.032299 4
0.034410 4
0.032871 1
0.032993 1
0.032675 1
0.034662 1
0.032056 1
0.034641 1
0.033284 1
0.029790 1
0.034799 1
0.036006 1
0.262999 51
0.437156 1
0.502413 1
0.004794 1
0.031541 1
0.034876 1
0.037342 1
0.034590 1
0.033076 1
0.032903 1
0.033567 1
0.033442 1
0.032390 1
0.034415 1
0.031886 1
0.034349 1
0.034802 1
0.032178 1
0.030547 1
0.033527 1
0.036184 1
0.887734 1
0.557678 1
0.206969 1
0.353595 1
0.207591 1
0.769020 5
0.447617 3
0.513208 3
0.005640 3
0.026733 3
0.029861 3
0.032112 3
0.179146 3
0.182487 3
0.605302 5
0.332287 3
0.505352 2
0.000044 9
0.000511 3
1.121435 3
1.004934 3
1.011155 61
7.589168 1
0.004951 1
0.226220 1
0.226992 1
0.349014 1
1.142016 1
0.385653 1
0.960198 1
0.639749 1
0.528120 1
0.416255 1
0.338618 2
0.000029 9
0.000153 61
1.376974 11
0.329597 64
0.643767 11
0.000016 1
0.000032 2
1.016993 3
1.023145 1
0.000027 2
1.016546 61
2.370689 1
0.165619 1
0.159624 1
0.204395 1
0.215559 1
0.376573 1
0.529431 1
0.149978 1
0.305552 1
0.270330 1
0.242074 11
0.000162 8
0.003304 53
7.746731 1
0.111383 1
0.171399 1
0.165360 1
0.453886 1
1.950523 1
0.202113 1
0.157069 1
0.303976 1
2.176789 1
1.031792 1
0.873310 1
0.126633 1
0.705388 1
0.156521 1
0.215955 1
0.152203 1
1.175965 1
0.597528 1
0.513016 1
0.003927 1
0.030221 1
0.028990 1
0.030187 1
0.231573 1
0.442825 5
0.881995 2
0.000129 9
0.000011 8
0.000032 53
0.945847 1
0.138498 1
0.215738 11
0.006403 1282
0.000025 61
6.133421 1
0.121017 1
0.094410 1
0.205743 1
0.175973 1
0.320180 1
0.181406 1
0.158621 1
0.211520 2
0.000162 70
2.426724 1
0.223558 1
0.252024 1
0.114038 1
0.109653 1
0.276823 1
0.084848 1
0.235646 1
0.207465 1
0.249452 4
0.224123 4
0.543488 4
0.611209 1
0.257258 1
0.204005 1
0.144621 1
0.125634 1
0.593461 1
0.686187 1
3.279922 1
0.210139 1
0.186001 1
0.077300 1
0.207007 1
0.181688 1
0.128806 1
0.293072 1
0.214566 1
0.293620 1
0.407493 1
0.402452 1
0.318033 1
0.148424 1
0.427363 1
0.316000 1
0.182275 1
0.652601 1
0.765024 1
0.323050 3
0.431227 3
0.206142 3
0.268183 1
2.006285 7
0.547128 3
0.336516 1
0.304076 1
1.082437 1
1.469532 1
0.308052 1
0.075546 1
0.219956 1
0.454176 1
1.573915 1
0.653814 1
0.164193 1
0.900217 4
0.511686 1
0.991162 1
0.899217 1
0.447703 1
0.076142 1
0.368862 1
1.208899 1
0.602146 1
0.559744 11
0.022455 128
0.000093 6
0.001944 8
0.000019 53
8.120227 1
0.804561 1
0.265117 1
0.153928 1
0.123893 1
0.247942 1
0.132005 1
0.586567 4
0.323604 1
0.844315 1
0.289718 1
0.142134 1
0.255724 1
0.292722 1
0.786856 1
0.502343 1
1.350699 1
1.939441 1
0.106277 1
0.336663 1
0.074371 1
1.088779 1
1.110155 1
0.331854 1
0.839693 1
1.884792 1
0.457135 1
1.430931 1
0.585414 1
0.440291 1
0.321781 1
1.343908 1
0.723751 2
0.000518 9
0.006366 61
1.304994 1
0.198812 1
0.185526 1
0.234128 1
0.194956 1
0.578970 1
0.192446 1
0.136367 1
0.104585 1
0.414383 1
0.332325 4
0.187960 4
0.223957 1
0.367936 1
0.984775 1
0.143162 1
0.440025 4
0.195691 4
0.674193 1
0.121905 1
0.168242 1
1.046147 1
0.428055 1
0.143542 1
0.292540 1
0.109282 1
0.240061 11
0.002196 75
1.811549 17
0.305416 1
0.500214 1
0.039068 1
0.036990 1
0.034510 1
0.033893 1
0.033392 1
0.031488 1
0.035308 1
0.034665 1
0.031021 1
0.137761 1
0.307104 25
0.407824 11
0.000093 10
0.000777 10
0.000038 53
8.721975 1
0.159309 1
1.577364 1
0.674482 1
0.733740 1
0.145074 1
0.207416 1
0.515872 4
0.188005 1
0.120299 1
0.627869 1
0.211645 1
0.172375 1
1.695924 1
0.933536 1
0.548382 1
1.657558 1
0.109756 1
0.552543 1
0.411724 1
0.425014 72
1.975164 1
0.129223 1
0.490983 1
0.371719 4
0.356067 1
1.560209 1
0.464110 1
1.973853 1
1.103802 1
0.952382 1
0.353923 1
2.724474 1
0.699743 1
0.429701 4
0.333611 1
0.224964 1
0.327716 1
1.620265 1
1.967418 1
2.249681 1
1.667911 1
2.288424 1
2.607756 1
0.266033 1
1.248945 1
0.577951 1
0.353269 1
2.657040 1
2.258877 1
0.588011 1
0.270089 1
36.961981 1
0.901478 1
0.270212 1
0.728474 1
0.896123 1
0.349715 1
2.194140 1
0.471847 1
0.626033 1
2.167612 1
5.170850 1
0.424772 1
2.341519 1
0.787765 1
0.379470 1
0.780434 1
0.602612 1
2.450983 1
0.281515 1
0.326295 60
29.210364 1
0.405476 4
0.374329 1
0.109855 1
0.445816 1
0.491774 1
2.399968 1
1.632334 1
3.368210 1
1.349856 1
0.437705 1
0.581754 1
0.476644 1
0.265424 1
0.324279 1
1.140623 1
0.626862 1
6.938004 1
0.128853 1
0.189753 1
3.788542 1
0.695846 1
0.925635 1
0.734347 1
0.405996 1
0.177525 1
0.164223 1
1.026557 1
0.340207 1
1.610602 1
0.966943 1
0.470150 1
2.310080 1
1.361926 1
0.379650 1
0.652180 1
0.475792 1
0.495851 4
0.149977 1
0.203829 1
0.166783 1
1.607469 1
0.989893 1
0.198273 1
1.975827 1
2.926079 1
1.340138 4
0.191376 4
2.212319 1
0.478053 1
0.177977 1
0.157727 1
1.695573 1
0.357584 1
1.071406 1
1.237506 1
0.260104 1
0.325859 4
0.254161 1
0.374109 1
3.753956 1
2.635550 1
1.450374 1
0.793813 1
0.980273 4
0.586141 1
1.881891 1
0.234080 1
0.528290 68
17.383273 1
0.099945 1
1.174136 1
0.618262 1
2.028318 1
8.918060 4
0.503073 4
0.003276 4
0.034092 4
0.035280 4
0.037980 1
0.028689 1
0.032728 1
0.037634 1
0.028862 1
0.034612 1
0.197463 1
9.383128 51
0.698303 150
0.000012 17
0.000031 41
5.349024 142
0.817938 160
0.000027 2
0.000026 9
0.001236 8
0.000013 43
15.162077 31
1.432250 4
0.317475 1
0.500301 1
0.031324 1
0.030826 1
0.032927 1
0.029902 1
0.031650 1
0.032078 1
0.033308 1
0.031014 1
0.029860 1
0.030989 1
0.029705 1
0.042351 1
0.027691 1
0.036858 1
0.033124 1
0.031568 1
0.035547 1
0.032750 1
0.035316 1
0.032126 1
0.464954 5
0.501216 5
0.029776 5
0.032636 5
0.031137 5
0.034406 6
0.030463 1
0.026012 1
0.029969 1
0.035547 1
0.032711 1
0.310130 57
4.771330 35
0.485724 63
0.004669 17
6.451400 25
0.506436 44
0.000119 11
0.000004 8
0.000013 11
0.000008 2
0.000010 2
4.015196 93
0.498140 102
0.012124 8
0.000014 27
8.575566 31
0.469183 45
0.463847 11
0.000141 8
0.001085 31
5.893948 142
0.797403 130
0.000864 48
4.557402 76
0.347142 162
0.465577 2
0.000019 17
0.000240 44
0.000025 14
6.998091 239
0.526023 226
0.484786 11
0.038443 44
1.783542 1
0.035165 1
0.155281 1
0.203869 1
0.019656 1
0.115249 1
0.152599 1
0.015842 1
0.106821 1
0.026771 1
0.105768 1
0.013809 2
0.070973 2
0.012731 1
0.024578 1
0.071687 1
0.049940 1
0.013892 1
0.023858 1
0.003783 1
0.051159 1
0.030589 1
0.091320 1
0.015948 1
0.002974 1
0.011677 1
0.076495 1
0.012466 1
0.086563 1
0.013377 1
0.017215 1
0.000177 1
0.078166 1
0.014179 1
0.094362 1
0.012803 1
0.014743 2
0.070826 1
0.010397 1
0.087446 1
0.014692 1
0.015803 2
0.011008 1
0.051570 1
0.015643 1
0.108526 1
0.011626 1
0.547679 4
0.516298 4
0.012587 4
0.023774 4
0.033604 4
0.029208 4
0.024930 4
0.037665 4
0.036607 4
0.031592 4
0.036359 4
0.031423 4
0.035270 4
0.033263 4
0.033431 4
0.030871 4
0.031589 4
0.030272 4
0.042382 4
0.032877 4
0.033593 4
0.033260 4
0.034043 4
0.031493 4
0.030528 4
0.037155 4
0.033875 4
0.032838 4
0.033547 4
0.033226 4
0.029243 4
0.035802 4
0.036057 4
0.032604 4
0.034463 4
0.030940 4
0.036089 4
0.029621 4
0.031671 4
0.039427 4
0.032371 4
0.031698 4
0.030378 4
0.036985 4
0.030601 4
0.031086 4
0.030947 4
0.041149 4
0.030524 4
0.031055 4
0.037386 4
0.033471 1
0.029439 1
0.035236 1
0.033108 1
0.030842 1
0.034886 1
0.030782 1
0.030161 1
0.029816 1
5.129472 1
0.067367 1
0.229079 1
0.215016 26
0.012157 44
4.973484 367
0.514395 1
0.000070 410
0.479823 11
0.003739 241
0.000692 232
0.000157 8
0.000010 83
14.231081 27
0.537831 47
0.000130 61
3.665089 100
0.388351 1
0.000007 112
0.000677 27
0.519973 11
0.000259 21
0.000038 2
0.000173 61
11.163398 19
0.000038 2
0.000032 33
0.000109 33
0.497811 1
0.000013 100
0.000021 2
0.000038 26
0.000022 21
0.000010 1
0.670353 3
0.000092 22
0.000023 2
0.002032 29
0.005023 61
7.138954 22
0.348455 98
0.635676 14
0.000150 61
0.732165 72
11.466223 1
0.143144 1
0.156150 1
0.269259 1
0.425996 1
0.905418 1
0.470507 11
0.000013 8
0.000034 4
0.490007 11
0.000014 8
0.000033 4
0.224147 2
0.000087 17
0.000033 4
0.193888 2
0.000085 17
0.000033 4
1.687890 2
0.000158 89
5.501684 28
1.041768 40
0.000017 70
1.060358 1
0.164808 1
0.128854 1
0.237941 1
0.420384 1
0.277777 1
0.384633 75
1.627705 1
0.163926 1
0.141784 1
0.233658 1
0.136657 1
0.290344 1
0.279282 11
0.000135 14
0.405942 11
0.000014 8
0.000034 6
0.294233 2
0.000094 9
0.000010 8
0.000032 6
1.376319 91
4.255909 19
0.730777 22
0.000020 17
0.000118 53
1.127124 1
0.169747 1
0.128260 1
0.231311 1
0.149825 1
0.348757 1
0.321316 2
0.000014 9
0.000073 8
0.000039 4
0.478240 2
0.000085 17
0.000074 4
0.745190 2
0.000022 9
0.000033 8
0.000034 11
0.000063 8
0.000026 53
19.075877 45
0.502389 120
0.000033 9
0.012875 8
0.000105 53
0.672125 1
0.073475 1
0.127647 2
0.003409 9
0.001753 153
0.000016 70
0.000008 77
0.005265 8
0.000014 53
2.170899 1
0.190561 1
0.309597 1
0.100981 1
0.100579 1
0.120705 1
0.184526 1
0.112994 1
0.136722 1
0.197947 1
0.088920 1
0.239725 1
0.199919 11
0.037381 61
1.683606 1
0.099481 1
0.193310 1
0.669055 1
0.103911 1
0.167953 1
0.198598 1
0.085443 3
2.044872 1
0.405504 1
1.200034 1
0.187631 1
0.140381 1
0.109608 1
0.300530 1
1.933765 1
0.489909 1
0.822548 1
0.073546 1
0.547996 1
0.186056 1
0.136417 1
0.193874 1
0.339924 1
0.961570 11
0.002391 61
2.659400 1
0.141907 1
0.114204 1
0.196127 1
0.095733 1
0.452699 1
0.800408 1
0.318220 6
2.162065 1
0.886619 2
0.000544 9
0.001685 61
4.615890 1
0.182284 1
0.145468 1
0.239500 1
0.145375 1
1.026043 1
1.019764 1
1.510883 1
0.140478 1
0.218577 1
0.182633 1
0.110151 1
0.165508 1
0.194057 1
0.088729 1
0.241359 1
3.913576 1
0.622126 1
0.466858 4
0.187785 4
0.334582 1
0.456768 1
0.340069 23
1.279656 11
0.000015 8
0.000033 4
1.566082 1
0.633819 4
0.380309 2
0.000077 9
0.000010 8
0.000132 72
2.614056 21
0.900773 138
0.328359 1
0.310824 7
0.299722 3
0.469120 12
0.009336 89
2.918817 18
0.299890 1
0.508924 1
0.015036 1
0.024645 1
0.030792 1
0.029823 1
0.022658 1
0.030796 1
0.032890 1
0.033618 1
0.544733 3
0.304738 21
0.199099 19
0.231128 19
0.311726 19
0.230301 11
0.009671 266
0.000175 10
0.000046 53
7.744061 1
0.128482 1
0.911167 1
0.464312 1
0.633232 1
0.083793 1
0.277340 1
0.517668 1
0.993670 1
0.124656 1
0.063751 1
0.221912 1
0.155556 1
0.722770 1
0.799485 1
0.510087 1
0.110945 1
0.101914 1
0.998183 1
0.686651 1
0.101171 1
0.176994 1
0.738268 1
0.530674 1
0.851248 4
0.181711 4
0.166354 4
0.174770 4
0.141181 4
0.291637 1
0.149433 1
0.115683 1
0.703343 1
0.857752 1
1.344420 1
0.270119 1
0.561628 1
0.307603 4
0.284754 1
0.453450 4
0.267807 1
0.631547 4
0.444922 1
0.378005 4
0.277952 1
0.429928 1
0.401024 4
0.448970 1
0.182218 1
0.082952 1
0.220850 1
0.158582 1
0.435754 1
0.188469 1
0.272781 1
0.139194 1
0.213529 11
0.031859 106
0.000013 19
0.001325 4095
0.000079 8192
0.000133 4490
0.000016 593
0.000011 17
0.000012 22
0.000013 2
0.000012 32
0.000012 3
0.000011 18
0.000012 2
0.000044 17
0.000046 24
0.000012 21
0.000011 3
0.000012 32
0.000011 19
0.000011 33
0.000011 18
0.000011 40
0.000011 19
0.000012 3
0.000011 32
0.000011 20
0.000012 39
0.000011 15
0.000011 2
0.000011 41
0.000025 14
0.000013 3
0.000011 45
0.000011 3
0.000011 2
0.000011 46
0.000012 3
0.000011 37
0.000012 15
0.000011 2
0.000012 24
0.000011 11
0.000011 3
0.000012 47
0.000011 2
0.000011 3
0.000011 40
0.000011 20
0.000011 20
0.000011 13
0.000012 3
0.000011 25
0.000011 12
0.000013 30
0.000011 11
0.000012 2
0.000011 31
0.000011 14
0.000011 2
0.000014 43
0.000018 4
0.000012 31
0.000015 10
0.000013 3
0.000011 47
0.000015 3
0.000013 26
0.000015 10
0.000012 4
0.000019 16
0.000012 24
0.000012 14
0.000016 19
0.000012 20
0.000015 14
0.000013 3
0.000011 46
0.000016 16
0.000012 12
0.000016 1
0.000013 16
0.000025 19
0.000013 35
0.000014 5
0.000012 13
0.000012 21
0.000013 2
0.000012 36
0.000011 2
0.000014 27
0.000011 19
0.000014 12
0.000011 16
0.000011 2
0.020427 16
0.000132 4095
0.000080 4095
0.000039 4095
0.000023 3439
9.399073 30
0.731291 42
0.000028 2
0.000029 9
0.009137 8
0.000014 53
3.917393 42
0.349410 126
0.005981 8
0.000015 53
3.460678 43
0.441243 127
0.007165 8
0.000059 53
5.757376 82
0.490072 82
0.016277 61
3.372516 41
0.897882 125
0.013625 61
3.286138 32
0.615482 57
0.000046 6
0.000139 61
15.639046 39
0.690655 123
0.010967 8
0.000216 53
3.639457 47
0.709290 136
0.008466 8
0.000031 53
4.153287 31
0.682778 44
0.000028 2
0.000027 9
0.000204 17
0.000016 8
0.000031 53
6.185985 80
0.399084 153
0.000432 11
0.057376 61
3.956988 45
0.553424 95
0.000162 15
0.001554 69
4.410902 51
0.439875 126
0.000010 9
0.000074 4
0.000075 8
0.000004 53
5.079757 75
0.355132 125
0.000015 75
2.876502 30
0.377663 42
0.000332 32
0.000056 2
0.000098 8
0.000062 53
6.046992 94
0.607015 167
0.000027 2
0.000028 9
0.012891 60
0.000019 10
0.000062 53
4.747270 11
0.000422 4
0.000021 2
0.000599 2
0.806074 2
0.028710 28
0.003170 241
0.801819 11
0.000015 4
0.000377 2
